;; MJD	etburst	mag	-emag	+emag	limmag	filter	imagename
59058.472697	0.125	12.669	12.628	12.71	20.55946	V	m15_data/M15-3_20200728_112041_d231_Nickel_V_c.fit
59058.47162	0.04167	12.818	12.775	12.861	20.09788	V	m15_data/M15-3_20200728_111908_d230_Nickel_V_c.fit
59058.470567	0.01389	12.793	12.745	12.841	19.2165	V	m15_data/M15-3_20200728_111737_d229_Nickel_V_c.fit
59058.440949	0.125	12.896	12.85	12.942	21.10267	V	m15_data/M15-3_20200728_103458_d211_Nickel_V_c.fit
59058.439861	0.04167	12.883	12.835	12.931	20.39103	V	m15_data/M15-3_20200728_103324_d210_Nickel_V_c.fit
59058.439248	0.01389	13.131	13.105	13.157	19.84646	V	m15_data/M15-3_20200728_103231_d209_Nickel_V_c.fit
59058.403495	0.125	12.884	12.831	12.937	21.09777	V	m15_data/M15-3_20200728_094102_d195_Nickel_V_c.fit
59058.402361	0.04167	12.882	12.843	12.921	20.23794	V	m15_data/M15-3_20200728_093924_d194_Nickel_V_c.fit
59058.401586	0.01389	12.912	12.875	12.949	19.40902	V	m15_data/M15-3_20200728_093817_d193_Nickel_V_c.fit
59058.369572	0.125	13.021	12.952	13.09	21.33054	V	m15_data/M15-3_20200728_085211_d179_Nickel_V_c.fit
59058.368438	0.04167	13.042	12.978	13.106	20.66667	V	m15_data/M15-3_20200728_085033_d178_Nickel_V_c.fit
59058.36772	0.01389	13.18	13.156	13.204	19.982	V	m15_data/M15-3_20200728_084931_d177_Nickel_V_c.fit
59058.350093	0.125	13.004	12.937	13.071	21.232	V	m15_data/M15-3_20200728_082408_d167_Nickel_V_c.fit
59058.348912	0.04167	13.033	12.962	13.104	20.54425	V	m15_data/M15-3_20200728_082226_d166_Nickel_V_c.fit
59058.348218	0.01389	13.142	13.118	13.166	19.82406	V	m15_data/M15-3_20200728_082126_d165_Nickel_V_c.fit
59058.331053	0.125	12.917	12.87	12.964	20.95772	V	m15_data/M15-3_20200728_075643_d155_Nickel_V_c.fit
59058.329954	0.04167	12.957	12.905	13.009	20.38532	V	m15_data/M15-3_20200728_075508_d154_Nickel_V_c.fit
59058.329271	0.01389	12.907	12.851	12.963	19.37193	V	m15_data/M15-3_20200728_075409_d153_Nickel_V_c.fit
59054.424525	0.125	13.189	13.127	13.251	20.81904	V	m15_data/M15-3_20200724_101119_d204_Nickel_V_c.fit
59054.423426	0.04167	13.191	13.136	13.246	20.16789	V	m15_data/M15-3_20200724_100944_d203_Nickel_V_c.fit
59054.422778	0.01389	13.148	13.088	13.208	19.25769	V	m15_data/M15-3_20200724_100848_d202_Nickel_V_c.fit
59054.349282	0.125	12.863	12.83	12.896	20.7469	V	m15_data/M15-3_20200724_082258_d172_Nickel_V_c.fit
59054.348032	0.04167	12.859	12.827	12.891	20.03424	V	m15_data/M15-3_20200724_082110_d171_Nickel_V_c.fit
59054.347361	0.01389	12.865	12.826	12.904	19.21456	V	m15_data/M15-3_20200724_082012_d170_Nickel_V_c.fit
59051.336505	0.125	12.836	12.793	12.879	20.92444	V	m15_data/M15-3_20200721_080434_d153_Nickel_V_c.fit
59051.335139	0.04167	12.943	12.89	12.996	20.32194	V	m15_data/M15-3_20200721_080236_d152_Nickel_V_c.fit
59051.334016	0.01389	12.927	12.881	12.973	19.42646	V	m15_data/M15-3_20200721_080059_d151_Nickel_V_c.fit
59043.364271	0.125	12.911	12.865	12.957	20.81349	V	m15_data/M15-3_20200713_084433_d188_Nickel_V_c.fit
59043.362928	0.04167	12.964	12.908	13.02	20.24039	V	m15_data/M15-3_20200713_084237_d187_Nickel_V_c.fit
59043.360903	0.01389	12.931	12.866	12.996	19.30455	V	m15_data/M15-3_20200713_083942_d186_Nickel_V_c.fit
59039.414838	0.125	12.918	12.855	12.981	20.52254	V	m15_data/M15-3_20200709_095722_d176_Nickel_V_c.fit
59039.413681	0.04167	12.869	12.828	12.91	19.65123	V	m15_data/M15-3_20200709_095542_d175_Nickel_V_c.fit
59039.412963	0.01389	13.102	13.074	13.13	19.21598	V	m15_data/M15-3_20200709_095440_d174_Nickel_V_c.fit
59030.461088	0.04167	14.085	14.028	14.142	20.44038	B	m15_data/M15-3_20200630_110358_d190_Nickel_B_c.fit
59030.458495	0.125	12.883	12.811	12.955	21.09893	V	m15_data/M15-3_20200630_110014_d189_Nickel_V_c.fit
59030.45735	0.04167	12.98	12.905	13.055	20.27174	V	m15_data/M15-3_20200630_105835_d188_Nickel_V_c.fit
59030.456725	0.01389	13.168	13.143	13.193	19.79256	V	m15_data/M15-3_20200630_105741_d187_Nickel_V_c.fit
59026.461447	0.125	12.872	12.831	12.913	20.80157	V	m15_data/M15-3_20200626_110429_d160_Nickel_V_c.fit
59026.46	0.04167	12.896	12.853	12.939	20.12271	V	m15_data/M15-3_20200626_110224_d159_Nickel_V_c.fit
59026.458831	0.01389	12.932	12.88	12.984	19.3998	V	m15_data/M15-3_20200626_110043_d158_Nickel_V_c.fit
59022.401782	0.125	12.928	12.894	12.962	20.77238	V	m15_data/M15-3_20200622_093834_d139_Nickel_V_c.fit
59022.400046	0.04167	12.903	12.867	12.939	20.15082	V	m15_data/M15-3_20200622_093604_d138_Nickel_V_c.fit
59022.398819	0.01389	12.919	12.871	12.967	19.32987	V	m15_data/M15-3_20200622_093418_d137_Nickel_V_c.fit
59018.443229	0.125	12.808	12.774	12.842	20.55267	V	m15_data/M15-3_20200618_103815_d200_Nickel_V_c.fit
59018.442153	0.04167	12.84	12.809	12.871	19.95194	V	m15_data/M15-3_20200618_103642_d199_Nickel_V_c.fit
59018.441389	0.01389	12.87	12.848	12.892	19.16552	V	m15_data/M15-3_20200618_103536_d198_Nickel_V_c.fit
58994.479502	0.04167	12.482	12.404	12.56	20.66826	R	m15_data/M15-3_20200525_113029_d178_Nickel_R_c.fit
58994.476736	0.125	13.055	12.984	13.126	21.27681	V	m15_data/M15-3_20200525_112630_d177_Nickel_V_c.fit
58994.475069	0.04167	13.053	12.984	13.122	20.54041	V	m15_data/M15-3_20200525_112406_d176_Nickel_V_c.fit
58994.474306	0.01389	13.187	13.112	13.262	19.85985	V	m15_data/M15-3_20200525_112300_d175_Nickel_V_c.fit
58994.471597	0.125	14.044	13.984	14.104	21.39275	B	m15_data/M15-3_20200525_111906_d174_Nickel_B_c.fit
58994.470278	0.04167	14.107	14.045	14.169	20.64717	B	m15_data/M15-3_20200525_111712_d173_Nickel_B_c.fit
58994.469583	0.01389	14.147	14.118	14.176	19.54584	B	m15_data/M15-3_20200525_111612_d172_Nickel_B_c.fit
58990.494352	0.125	13.262	13.232	13.292	19.90446	V	m15_data/M15-3_20200521_115152_d205_Nickel_V_c.fit
58990.493275	0.04167	12.861	12.823	12.899	19.4797	V	m15_data/M15-3_20200521_115019_d204_Nickel_V_c.fit
58990.492639	0.01389	12.89	12.845	12.935	18.90167	V	m15_data/M15-3_20200521_114924_d203_Nickel_V_c.fit
58856.102153	0.04167	11.975	11.925	12.025	18.43389	V	m15_data/M15-3_20200108_022706_d138_Nickel_V_c.fit
58805.188588	0.125	12.815	12.782	12.848	20.41838	V	m15_data/M15-3_20191118_043134_d166_Nickel_V_c.fit
58805.187431	0.04167	12.916	12.886	12.946	19.78489	V	m15_data/M15-3_20191118_042954_d165_Nickel_V_c.fit
58805.186377	0.01389	12.884	12.843	12.925	19.10025	V	m15_data/M15-3_20191118_042823_d164_Nickel_V_c.fit
58805.097928	0.125	12.913	12.872	12.954	20.86731	V	m15_data/M15-3_20191118_022101_d138_Nickel_V_c.fit
58805.09669	0.04167	12.936	12.894	12.978	20.26345	V	m15_data/M15-3_20191118_021914_d137_Nickel_V_c.fit
58805.09581	0.01389	12.987	12.935	13.039	19.5651	V	m15_data/M15-3_20191118_021758_d136_Nickel_V_c.fit
58792.13934	0.125	12.963	12.898	13.028	20.75108	V	m15_data/M15-3_20191105_032039_d153_Nickel_V_c.fit
58792.137894	0.04167	12.958	12.9	13.016	19.94257	V	m15_data/M15-3_20191105_031834_d152_Nickel_V_c.fit
58792.137164	0.01389	12.956	12.906	13.006	19.16177	V	m15_data/M15-3_20191105_031731_d151_Nickel_V_c.fit
58789.286123	0.125	12.909	12.866	12.952	20.40844	V	m15_data/M15-3_20191102_065201_d173_Nickel_V_c.fit
58789.284931	0.04167	12.918	12.877	12.959	19.80567	V	m15_data/M15-3_20191102_065018_d172_Nickel_V_c.fit
58789.284282	0.01389	12.954	12.882	13.026	19.15066	V	m15_data/M15-3_20191102_064922_d171_Nickel_V_c.fit
58789.189306	0.125	12.976	12.908	13.044	21.02581	V	m15_data/M15-3_20191102_043236_d153_Nickel_V_c.fit
58789.188079	0.04167	12.944	12.898	12.99	20.12138	V	m15_data/M15-3_20191102_043050_d152_Nickel_V_c.fit
58789.186678	0.01389	13.111	13.049	13.173	19.68069	V	m15_data/M15-3_20191102_042849_d151_Nickel_V_c.fit
58788.16772	0.125	12.831	12.796	12.866	20.5952	V	m15_data/M15-3_20191101_040131_d160_Nickel_V_c.fit
58788.166632	0.04167	12.847	12.815	12.879	19.91472	V	m15_data/M15-3_20191101_035957_d159_Nickel_V_c.fit
58788.166007	0.01389	12.878	12.837	12.919	19.21245	V	m15_data/M15-3_20191101_035903_d158_Nickel_V_c.fit
58779.252894	0.08333	12.81	12.778	12.842	20.20812	V	m15_data/M15-3_20191023_060410_d143_Nickel_V_c.fit
58779.251296	0.04167	13.201	13.176	13.226	19.78747	V	m15_data/M15-3_20191023_060152_d142_Nickel_V_c.fit
58779.250451	0.01389	12.918	12.889	12.947	19.01341	V	m15_data/M15-3_20191023_060039_d141_Nickel_V_c.fit
58775.267731	0.125	13.165	13.139	13.191	20.19722	V	m15_data/M15-3_20191019_062532_d148_Nickel_V_c.fit
58775.26625	0.04167	12.87	12.835	12.905	19.80172	V	m15_data/M15-3_20191019_062324_d147_Nickel_V_c.fit
58775.263218	0.01389	13.174	13.144	13.204	18.84121	V	m15_data/M15-3_20191019_061902_d146_Nickel_V_c.fit
58769.350845	0.125	12.875	12.827	12.923	19.45082	V	m15_data/M15-3_20191013_082513_d309_Nickel_V_c.fit
58769.348634	0.04167	12.973	12.919	13.027	19.07961	V	m15_data/M15-3_20191013_082202_d308_Nickel_V_c.fit
58769.347894	0.01389	13.031	12.965	13.097	18.51334	V	m15_data/M15-3_20191013_082058_d307_Nickel_V_c.fit
58768.312442	0.125	12.852	12.817	12.887	19.64247	V	m15_data/M15-3_20191012_072955_d184_Nickel_V_c.fit
58768.311019	0.04167	12.866	12.834	12.898	19.06512	V	m15_data/M15-3_20191012_072752_d183_Nickel_V_c.fit
58768.310255	0.01389	12.887	12.87	12.904	18.46237	V	m15_data/M15-3_20191012_072646_d182_Nickel_V_c.fit
58763.225799	0.125	12.939	12.912	12.966	17.05358	V	m15_data/M15-3_20191007_052509_d145_Nickel_V_c.fit
58763.222731	0.04167	13.181	13.122	13.24	15.71593	V	m15_data/M15-3_20191007_052044_d144_Nickel_V_c.fit
58763.221968	0.01389	12.966	12.91	13.022	18.04206	V	m15_data/M15-3_20191007_051938_d143_Nickel_V_c.fit
58759.220556	0.125	12.827	12.792	12.862	20.75044	V	m15_data/M15-3_20191003_051736_d145_Nickel_V_c.fit
58759.219468	0.04167	12.851	12.812	12.89	20.15551	V	m15_data/M15-3_20191003_051602_d144_Nickel_V_c.fit
58759.21875	0.01389	12.936	12.912	12.96	19.41379	V	m15_data/M15-3_20191003_051500_d143_Nickel_V_c.fit
58751.220509	0.125	12.89	12.838	12.942	21.11832	V	m15_data/M15-3_20190925_051732_d153_Nickel_V_c.fit
58751.21941	0.04167	12.892	12.844	12.94	20.4686	V	m15_data/M15-3_20190925_051557_d152_Nickel_V_c.fit
58751.218623	0.01389	12.929	12.882	12.976	19.6042	V	m15_data/M15-3_20190925_051449_d151_Nickel_V_c.fit
58746.383611	0.125	13.283	13.246	13.32	19.28133	V	m15_data/M15-3_20190920_091224_d136_Nickel_V_c.fit
58746.382604	0.04167	12.739	12.725	12.753	18.14941	V	m15_data/M15-3_20190920_091057_d135_Nickel_V_c.fit
58746.382153	0.01389	13.26	13.222	13.298	17.12147	V	m15_data/M15-3_20190920_091018_d134_Nickel_V_c.fit
58738.259109	0.125	12.877	12.839	12.915	19.94438	V	m15_data/M15-3_20190912_061307_d165_Nickel_V_c.fit
58738.257986	0.04167	12.927	12.886	12.968	19.42759	V	m15_data/M15-3_20190912_061130_d164_Nickel_V_c.fit
58738.256007	0.01389	12.921	12.873	12.969	18.69762	V	m15_data/M15-3_20190912_060839_d163_Nickel_V_c.fit
58735.30581	0.125	13.25	13.216	13.284	19.93963	V	m15_data/M15-3_20190909_072022_d161_Nickel_V_c.fit
58735.304722	0.04167	13.18	13.146	13.214	19.29306	V	m15_data/M15-3_20190909_071848_d160_Nickel_V_c.fit
58735.304051	0.01389	12.765	12.7	12.83	18.82091	V	m15_data/M15-3_20190909_071750_d159_Nickel_V_c.fit
58731.370938	0.125	12.922	12.862	12.982	20.99291	V	m15_data/M15-3_20190905_085409_d193_Nickel_V_c.fit
58731.36985	0.04167	12.965	12.901	13.029	20.37556	V	m15_data/M15-3_20190905_085235_d192_Nickel_V_c.fit
58731.369167	0.01389	13.035	12.965	13.105	19.70813	V	m15_data/M15-3_20190905_085136_d191_Nickel_V_c.fit
58731.183519	0.01389	13.016	12.992	13.04	19.57599	V	m15_data/M15-3_20190905_042416_d134_Nickel_V_c.fit
58731.181806	0.04167	12.986	12.93	13.042	20.23719	V	m15_data/M15-3_20190905_042148_d133_Nickel_V_c.fit
58731.179213	0.125	13.018	12.953	13.083	21.00578	V	m15_data/M15-3_20190905_041804_d132_Nickel_V_c.fit
58728.190336	0.08333	12.91	12.863	12.957	20.71734	V	m15_data/M15-3_20190902_043405_d161_Nickel_V_c.fit
58728.189259	0.04167	12.883	12.844	12.922	20.159	V	m15_data/M15-3_20190902_043232_d160_Nickel_V_c.fit
58728.188079	0.01389	12.929	12.9	12.958	19.30881	V	m15_data/M15-3_20190902_043050_d159_Nickel_V_c.fit
58724.250938	0.125	12.875	12.844	12.906	20.61876	V	m15_data/M15-3_20190829_060121_d162_Nickel_V_c.fit
58724.249861	0.04167	12.814	12.78	12.848	19.9677	V	m15_data/M15-3_20190829_055948_d161_Nickel_V_c.fit
58724.249236	0.01389	12.905	12.85	12.96	19.32165	V	m15_data/M15-3_20190829_055854_d160_Nickel_V_c.fit
58721.312535	0.125	13.264	13.191	13.337	20.83609	V	m15_data/M15-3_20190826_073003_d155_Nickel_V_c.fit
58721.310417	0.04167	12.903	12.853	12.953	20.25626	V	m15_data/M15-3_20190826_072700_d154_Nickel_V_c.fit
58721.309653	0.01389	12.924	12.899	12.949	19.50069	V	m15_data/M15-3_20190826_072554_d153_Nickel_V_c.fit
58713.33816	0.04167	13.261	13.224	13.298	19.31304	V	m15_data/M15-3_20190818_080657_d157_Nickel_V_c.fit
58713.335475	0.125	12.72	12.682	12.758	19.81673	V	m15_data/M15-3_20190818_080305_d156_Nickel_V_c.fit
58713.317604	0.01389	12.832	12.797	12.867	18.662	V	m15_data/M15-3_20190818_073721_d154_Nickel_V_c.fit
58708.300914	0.125	13.248	13.216	13.28	19.83597	V	m15_data/M15-3_20190813_071319_d166_Nickel_V_c.fit
58708.299375	0.04167	12.819	12.781	12.857	19.36477	V	m15_data/M15-3_20190813_071106_d165_Nickel_V_c.fit
58708.298194	0.01389	12.77	12.754	12.786	18.64266	V	m15_data/M15-3_20190813_070924_d164_Nickel_V_c.fit
58697.342234	0.125	13.014	12.971	13.057	19.94709	V	m15_data/M15-3_20190802_081249_d165_Nickel_V_c.fit
58697.340486	0.04167	12.151	12.105	12.197	19.22785	V	m15_data/M15-3_20190802_081018_d164_Nickel_V_c.fit
58697.339537	0.01389	12.973	12.929	13.017	18.42103	V	m15_data/M15-3_20190802_080856_d163_Nickel_V_c.fit
58690.323958	0.125	12.863	12.828	12.898	20.82417	V	m15_data/M15-3_20190726_074630_d172_Nickel_V_c.fit
58690.322326	0.04167	12.908	12.861	12.955	20.26241	V	m15_data/M15-3_20190726_074409_d171_Nickel_V_c.fit
58690.321586	0.01389	12.921	12.865	12.977	19.47119	V	m15_data/M15-3_20190726_074305_d170_Nickel_V_c.fit
58683.323785	0.125	12.896	12.857	12.935	20.13184	V	m15_data/M15-3_20190719_074615_d149_Nickel_V_c.fit
58683.322581	0.04167	12.886	12.853	12.919	19.47144	V	m15_data/M15-3_20190719_074431_d148_Nickel_V_c.fit
58683.321921	0.01389	12.948	12.904	12.992	18.90436	V	m15_data/M15-3_20190719_074334_d147_Nickel_V_c.fit
58676.379977	0.125	12.833	12.797	12.869	20.7461	V	m15_data/M15-3_20190712_090710_d167_Nickel_V_c.fit
58676.378542	0.04167	13.11	13.034	13.186	20.5775	V	m15_data/M15-3_20190712_090506_d166_Nickel_V_c.fit
58676.377743	0.01389	13.081	13.054	13.108	19.5969	V	m15_data/M15-3_20190712_090357_d165_Nickel_V_c.fit
58672.480799	0.125	12.849	12.811	12.887	20.75858	V	m15_data/M15-3_20190708_113221_d216_Nickel_V_c.fit
58672.479282	0.04167	12.849	12.814	12.884	20.12492	V	m15_data/M15-3_20190708_113010_d215_Nickel_V_c.fit
58672.478669	0.01389	12.921	12.873	12.969	19.40465	V	m15_data/M15-3_20190708_112917_d214_Nickel_V_c.fit
58664.407257	0.125	13.385	13.338	13.432	19.02719	V	m15_data/M15-3_20190630_094627_d194_Nickel_V_c.fit
58664.406181	0.04167	13.27	13.235	13.305	17.46218	V	m15_data/M15-3_20190630_094454_d193_Nickel_V_c.fit
58664.405428	0.01389	12.853	12.828	12.878	16.8647	V	m15_data/M15-3_20190630_094349_d192_Nickel_V_c.fit
58658.395012	0.125	12.879	12.84	12.918	20.52881	V	m15_data/M15-3_20190624_092849_d136_Nickel_V_c.fit
58658.393553	0.04167	12.916	12.871	12.961	19.97704	V	m15_data/M15-3_20190624_092643_d135_Nickel_V_c.fit
58658.392917	0.01389	12.882	12.83	12.934	19.10066	V	m15_data/M15-3_20190624_092548_d134_Nickel_V_c.fit
58653.407963	0.125	12.949	12.901	12.997	20.51479	V	m15_data/M15-3_20190619_094728_d178_Nickel_V_c.fit
58653.406748	0.04167	12.961	12.912	13.01	19.93941	V	m15_data/M15-3_20190619_094543_d177_Nickel_V_c.fit
58653.406111	0.01389	12.987	12.945	13.029	19.2437	V	m15_data/M15-3_20190619_094448_d176_Nickel_V_c.fit
