;; MJD	etburst	mag	-emag	+emag	limmag	filter	imagename
59058.472697	0.125	14.301	14.27	14.332	20.55946	V	m15_data/M15-3_20200728_112041_d231_Nickel_V_c.fit
59058.47162	0.04167	14.325	14.294	14.356	20.09788	V	m15_data/M15-3_20200728_111908_d230_Nickel_V_c.fit
59058.470567	0.01389	14.304	14.271	14.337	19.178	V	m15_data/M15-3_20200728_111737_d229_Nickel_V_c.fit
59058.440949	0.125	14.322	14.286	14.358	21.10267	V	m15_data/M15-3_20200728_103458_d211_Nickel_V_c.fit
59058.439861	0.04167	14.344	14.305	14.383	20.39103	V	m15_data/M15-3_20200728_103324_d210_Nickel_V_c.fit
59058.439248	0.01389	14.291	14.248	14.334	19.84196	V	m15_data/M15-3_20200728_103231_d209_Nickel_V_c.fit
59058.403495	0.125	14.242	14.202	14.282	21.09777	V	m15_data/M15-3_20200728_094102_d195_Nickel_V_c.fit
59058.402361	0.04167	14.324	14.291	14.357	20.23794	V	m15_data/M15-3_20200728_093924_d194_Nickel_V_c.fit
59058.401586	0.01389	14.322	14.286	14.358	19.40902	V	m15_data/M15-3_20200728_093817_d193_Nickel_V_c.fit
59058.369572	0.125	14.283	14.249	14.317	21.33054	V	m15_data/M15-3_20200728_085211_d179_Nickel_V_c.fit
59058.368438	0.04167	14.267	14.232	14.302	20.66667	V	m15_data/M15-3_20200728_085033_d178_Nickel_V_c.fit
59058.36772	0.01389	14.31	14.273	14.347	19.98488	V	m15_data/M15-3_20200728_084931_d177_Nickel_V_c.fit
59058.350093	0.125	14.253	14.214	14.292	21.232	V	m15_data/M15-3_20200728_082408_d167_Nickel_V_c.fit
59058.348912	0.04167	14.262	14.226	14.298	20.54425	V	m15_data/M15-3_20200728_082226_d166_Nickel_V_c.fit
59058.348218	0.01389	14.293	14.257	14.329	19.81756	V	m15_data/M15-3_20200728_082126_d165_Nickel_V_c.fit
59058.331053	0.125	14.328	14.294	14.362	20.95772	V	m15_data/M15-3_20200728_075643_d155_Nickel_V_c.fit
59058.329954	0.04167	14.257	14.223	14.291	20.38532	V	m15_data/M15-3_20200728_075508_d154_Nickel_V_c.fit
59058.329271	0.01389	14.314	14.278	14.35	19.37193	V	m15_data/M15-3_20200728_075409_d153_Nickel_V_c.fit
59054.424525	0.125	14.296	14.265	14.327	20.81904	V	m15_data/M15-3_20200724_101119_d204_Nickel_V_c.fit
59054.423426	0.04167	14.339	14.306	14.372	20.16789	V	m15_data/M15-3_20200724_100944_d203_Nickel_V_c.fit
59054.422778	0.01389	14.279	14.247	14.311	19.25769	V	m15_data/M15-3_20200724_100848_d202_Nickel_V_c.fit
59054.349282	0.125	14.323	14.293	14.353	20.7469	V	m15_data/M15-3_20200724_082258_d172_Nickel_V_c.fit
59054.348032	0.04167	14.314	14.284	14.344	20.03424	V	m15_data/M15-3_20200724_082110_d171_Nickel_V_c.fit
59054.347361	0.01389	14.285	14.26	14.31	19.21168	V	m15_data/M15-3_20200724_082012_d170_Nickel_V_c.fit
59051.336505	0.125	14.341	14.305	14.377	20.92444	V	m15_data/M15-3_20200721_080434_d153_Nickel_V_c.fit
59051.335139	0.04167	14.346	14.319	14.373	20.32194	V	m15_data/M15-3_20200721_080236_d152_Nickel_V_c.fit
59051.334016	0.01389	14.321	14.291	14.351	19.42646	V	m15_data/M15-3_20200721_080059_d151_Nickel_V_c.fit
59043.364271	0.125	14.317	14.28	14.354	20.81349	V	m15_data/M15-3_20200713_084433_d188_Nickel_V_c.fit
59043.362928	0.04167	14.313	14.277	14.349	20.24039	V	m15_data/M15-3_20200713_084237_d187_Nickel_V_c.fit
59043.360903	0.01389	14.32	14.28	14.36	19.2963	V	m15_data/M15-3_20200713_083942_d186_Nickel_V_c.fit
59039.414838	0.125	14.252	14.21	14.294	20.52254	V	m15_data/M15-3_20200709_095722_d176_Nickel_V_c.fit
59039.413681	0.04167	14.231	14.189	14.273	19.65123	V	m15_data/M15-3_20200709_095542_d175_Nickel_V_c.fit
59039.412963	0.01389	14.277	14.233	14.321	19.2226	V	m15_data/M15-3_20200709_095440_d174_Nickel_V_c.fit
59030.461088	0.04167	15.2	15.165	15.235	20.44038	B	m15_data/M15-3_20200630_110358_d190_Nickel_B_c.fit
59030.458495	0.125	14.262	14.225	14.299	21.09893	V	m15_data/M15-3_20200630_110014_d189_Nickel_V_c.fit
59030.45735	0.04167	14.276	14.241	14.311	20.27174	V	m15_data/M15-3_20200630_105835_d188_Nickel_V_c.fit
59030.456725	0.01389	14.277	14.242	14.312	19.79281	V	m15_data/M15-3_20200630_105741_d187_Nickel_V_c.fit
59022.401782	0.125	14.273	14.238	14.308	20.77238	V	m15_data/M15-3_20200622_093834_d139_Nickel_V_c.fit
59022.400046	0.04167	14.274	14.241	14.307	20.15082	V	m15_data/M15-3_20200622_093604_d138_Nickel_V_c.fit
59022.398819	0.01389	14.282	14.248	14.316	19.30762	V	m15_data/M15-3_20200622_093418_d137_Nickel_V_c.fit
59018.443229	0.125	14.264	14.233	14.295	20.55267	V	m15_data/M15-3_20200618_103815_d200_Nickel_V_c.fit
59018.442153	0.04167	14.299	14.269	14.329	19.95194	V	m15_data/M15-3_20200618_103642_d199_Nickel_V_c.fit
59018.441389	0.01389	14.32	14.281	14.359	19.18314	V	m15_data/M15-3_20200618_103536_d198_Nickel_V_c.fit
58994.479502	0.04167	13.692	13.659	13.725	20.66826	R	m15_data/M15-3_20200525_113029_d178_Nickel_R_c.fit
58994.476736	0.125	14.278	14.247	14.309	21.27681	V	m15_data/M15-3_20200525_112630_d177_Nickel_V_c.fit
58994.475069	0.04167	14.272	14.243	14.301	20.54041	V	m15_data/M15-3_20200525_112406_d176_Nickel_V_c.fit
58994.474306	0.01389	14.294	14.262	14.326	19.85485	V	m15_data/M15-3_20200525_112300_d175_Nickel_V_c.fit
58994.471597	0.125	15.253	15.219	15.287	21.39275	B	m15_data/M15-3_20200525_111906_d174_Nickel_B_c.fit
58994.470278	0.04167	15.255	15.224	15.286	20.64717	B	m15_data/M15-3_20200525_111712_d173_Nickel_B_c.fit
58994.469583	0.01389	15.259	15.224	15.294	19.56297	B	m15_data/M15-3_20200525_111612_d172_Nickel_B_c.fit
58856.102153	0.04167	14.339	14.316	14.362	18.43389	V	m15_data/M15-3_20200108_022706_d138_Nickel_V_c.fit
58856.10147	0.01389	14.34	14.306	14.374	17.43314	V	m15_data/M15-3_20200108_022607_d137_Nickel_V_c.fit
58805.097928	0.125	14.333	14.298	14.368	20.86731	V	m15_data/M15-3_20191118_022101_d138_Nickel_V_c.fit
58805.09669	0.04167	14.33	14.297	14.363	20.26345	V	m15_data/M15-3_20191118_021914_d137_Nickel_V_c.fit
58805.09581	0.01389	14.26	14.224	14.296	19.5651	V	m15_data/M15-3_20191118_021758_d136_Nickel_V_c.fit
58792.13934	0.125	14.292	14.255	14.329	20.75108	V	m15_data/M15-3_20191105_032039_d153_Nickel_V_c.fit
58792.137894	0.04167	14.388	14.356	14.42	19.94257	V	m15_data/M15-3_20191105_031834_d152_Nickel_V_c.fit
58792.137164	0.01389	14.38	14.344	14.416	19.16177	V	m15_data/M15-3_20191105_031731_d151_Nickel_V_c.fit
58789.286123	0.125	14.427	14.392	14.462	20.40844	V	m15_data/M15-3_20191102_065201_d173_Nickel_V_c.fit
58789.284931	0.04167	14.394	14.358	14.43	19.80567	V	m15_data/M15-3_20191102_065018_d172_Nickel_V_c.fit
58789.284282	0.01389	14.324	14.289	14.359	19.13966	V	m15_data/M15-3_20191102_064922_d171_Nickel_V_c.fit
58788.16772	0.125	14.635	14.594	14.676	20.5952	V	m15_data/M15-3_20191101_040131_d160_Nickel_V_c.fit
58788.166632	0.04167	14.633	14.596	14.67	19.91472	V	m15_data/M15-3_20191101_035957_d159_Nickel_V_c.fit
58788.166007	0.01389	14.654	14.615	14.693	19.2052	V	m15_data/M15-3_20191101_035903_d158_Nickel_V_c.fit
58779.252894	0.08333	14.282	14.254	14.31	20.20812	V	m15_data/M15-3_20191023_060410_d143_Nickel_V_c.fit
58779.251296	0.04167	14.271	14.244	14.298	19.78747	V	m15_data/M15-3_20191023_060152_d142_Nickel_V_c.fit
58779.250451	0.01389	14.289	14.26	14.318	19.01341	V	m15_data/M15-3_20191023_060039_d141_Nickel_V_c.fit
58775.267731	0.125	14.25	14.224	14.276	20.19722	V	m15_data/M15-3_20191019_062532_d148_Nickel_V_c.fit
58775.26625	0.04167	14.285	14.255	14.315	19.80172	V	m15_data/M15-3_20191019_062324_d147_Nickel_V_c.fit
58775.263218	0.01389	14.22	14.195	14.245	18.84121	V	m15_data/M15-3_20191019_061902_d146_Nickel_V_c.fit
58769.350845	0.125	14.331	14.298	14.364	19.45082	V	m15_data/M15-3_20191013_082513_d309_Nickel_V_c.fit
58769.348634	0.04167	14.329	14.303	14.355	19.07136	V	m15_data/M15-3_20191013_082202_d308_Nickel_V_c.fit
58769.347894	0.01389	14.319	14.293	14.345	18.50134	V	m15_data/M15-3_20191013_082058_d307_Nickel_V_c.fit
58768.312442	0.125	14.295	14.258	14.332	19.64247	V	m15_data/M15-3_20191012_072955_d184_Nickel_V_c.fit
58768.311019	0.04167	14.305	14.27	14.34	19.06512	V	m15_data/M15-3_20191012_072752_d183_Nickel_V_c.fit
58768.310255	0.01389	14.313	14.275	14.351	18.46737	V	m15_data/M15-3_20191012_072646_d182_Nickel_V_c.fit
58763.225799	0.125	14.212	14.183	14.241	17.06058	V	m15_data/M15-3_20191007_052509_d145_Nickel_V_c.fit
58763.222731	0.04167	14.448	14.375	14.521	15.68368	V	m15_data/M15-3_20191007_052044_d144_Nickel_V_c.fit
58763.221968	0.01389	14.274	14.248	14.3	17.99843	V	m15_data/M15-3_20191007_051938_d143_Nickel_V_c.fit
58759.220556	0.125	14.327	14.29	14.364	20.75044	V	m15_data/M15-3_20191003_051736_d145_Nickel_V_c.fit
58759.219468	0.04167	14.307	14.269	14.345	20.15551	V	m15_data/M15-3_20191003_051602_d144_Nickel_V_c.fit
58759.21875	0.01389	14.234	14.189	14.279	19.45367	V	m15_data/M15-3_20191003_051500_d143_Nickel_V_c.fit
58751.220509	0.125	14.237	14.199	14.275	21.11832	V	m15_data/M15-3_20190925_051732_d153_Nickel_V_c.fit
58751.21941	0.04167	14.343	14.311	14.375	20.4686	V	m15_data/M15-3_20190925_051557_d152_Nickel_V_c.fit
58751.218623	0.01389	14.337	14.302	14.372	19.6042	V	m15_data/M15-3_20190925_051449_d151_Nickel_V_c.fit
58746.383611	0.125	14.327	14.298	14.356	19.28133	V	m15_data/M15-3_20190920_091224_d136_Nickel_V_c.fit
58746.382604	0.04167	14.317	14.288	14.346	18.16266	V	m15_data/M15-3_20190920_091057_d135_Nickel_V_c.fit
58746.382153	0.01389	14.295	14.26	14.33	17.12147	V	m15_data/M15-3_20190920_091018_d134_Nickel_V_c.fit
58738.259109	0.125	14.317	14.285	14.349	19.94438	V	m15_data/M15-3_20190912_061307_d165_Nickel_V_c.fit
58738.257986	0.04167	14.329	14.298	14.36	19.42759	V	m15_data/M15-3_20190912_061130_d164_Nickel_V_c.fit
58738.256007	0.01389	14.37	14.335	14.405	18.67575	V	m15_data/M15-3_20190912_060839_d163_Nickel_V_c.fit
58735.30581	0.125	14.32	14.294	14.346	19.93963	V	m15_data/M15-3_20190909_072022_d161_Nickel_V_c.fit
58735.304722	0.04167	14.35	14.324	14.376	19.29306	V	m15_data/M15-3_20190909_071848_d160_Nickel_V_c.fit
58735.304051	0.01389	14.241	14.21	14.272	18.71903	V	m15_data/M15-3_20190909_071750_d159_Nickel_V_c.fit
58731.370938	0.125	14.332	14.302	14.362	20.99291	V	m15_data/M15-3_20190905_085409_d193_Nickel_V_c.fit
58731.36985	0.04167	14.317	14.29	14.344	20.37556	V	m15_data/M15-3_20190905_085235_d192_Nickel_V_c.fit
58731.369167	0.01389	14.306	14.276	14.336	19.70213	V	m15_data/M15-3_20190905_085136_d191_Nickel_V_c.fit
58731.183519	0.01389	14.279	14.245	14.313	19.58912	V	m15_data/M15-3_20190905_042416_d134_Nickel_V_c.fit
58731.181806	0.04167	14.263	14.229	14.297	20.23719	V	m15_data/M15-3_20190905_042148_d133_Nickel_V_c.fit
58731.179213	0.125	14.26	14.228	14.292	21.00578	V	m15_data/M15-3_20190905_041804_d132_Nickel_V_c.fit
58728.190336	0.08333	14.341	14.313	14.369	20.71734	V	m15_data/M15-3_20190902_043405_d161_Nickel_V_c.fit
58728.189259	0.04167	14.309	14.282	14.336	20.159	V	m15_data/M15-3_20190902_043232_d160_Nickel_V_c.fit
58728.188079	0.01389	14.296	14.271	14.321	19.30881	V	m15_data/M15-3_20190902_043050_d159_Nickel_V_c.fit
58724.250938	0.125	14.277	14.25	14.304	20.61876	V	m15_data/M15-3_20190829_060121_d162_Nickel_V_c.fit
58724.249861	0.04167	14.282	14.251	14.313	19.9677	V	m15_data/M15-3_20190829_055948_d161_Nickel_V_c.fit
58724.249236	0.01389	14.32	14.283	14.357	19.30802	V	m15_data/M15-3_20190829_055854_d160_Nickel_V_c.fit
58721.312535	0.125	14.294	14.257	14.331	20.83609	V	m15_data/M15-3_20190826_073003_d155_Nickel_V_c.fit
58721.310417	0.04167	14.232	14.184	14.28	20.25626	V	m15_data/M15-3_20190826_072700_d154_Nickel_V_c.fit
58721.309653	0.01389	14.238	14.189	14.287	19.53456	V	m15_data/M15-3_20190826_072554_d153_Nickel_V_c.fit
58713.33816	0.04167	14.386	14.358	14.414	19.31304	V	m15_data/M15-3_20190818_080657_d157_Nickel_V_c.fit
58713.335475	0.125	14.388	14.363	14.413	19.81673	V	m15_data/M15-3_20190818_080305_d156_Nickel_V_c.fit
58713.317604	0.01389	14.367	14.335	14.399	18.662	V	m15_data/M15-3_20190818_073721_d154_Nickel_V_c.fit
58708.300914	0.125	14.344	14.315	14.373	19.83597	V	m15_data/M15-3_20190813_071319_d166_Nickel_V_c.fit
58708.299375	0.04167	14.307	14.272	14.342	19.36477	V	m15_data/M15-3_20190813_071106_d165_Nickel_V_c.fit
58708.298194	0.01389	14.302	14.27	14.334	18.67028	V	m15_data/M15-3_20190813_070924_d164_Nickel_V_c.fit
58697.342234	0.125	14.359	14.33	14.388	19.94709	V	m15_data/M15-3_20190802_081249_d165_Nickel_V_c.fit
58697.340486	0.04167	14.365	14.333	14.397	19.22785	V	m15_data/M15-3_20190802_081018_d164_Nickel_V_c.fit
58697.339537	0.01389	14.37	14.34	14.4	18.42103	V	m15_data/M15-3_20190802_080856_d163_Nickel_V_c.fit
58690.323958	0.125	14.304	14.273	14.335	20.82417	V	m15_data/M15-3_20190726_074630_d172_Nickel_V_c.fit
58690.322326	0.04167	14.323	14.291	14.355	20.26241	V	m15_data/M15-3_20190726_074409_d171_Nickel_V_c.fit
58690.321586	0.01389	14.34	14.308	14.372	19.44719	V	m15_data/M15-3_20190726_074305_d170_Nickel_V_c.fit
58683.323785	0.125	14.365	14.334	14.396	20.13184	V	m15_data/M15-3_20190719_074615_d149_Nickel_V_c.fit
58683.322581	0.04167	14.355	14.325	14.385	19.47144	V	m15_data/M15-3_20190719_074431_d148_Nickel_V_c.fit
58683.321921	0.01389	14.324	14.296	14.352	18.89511	V	m15_data/M15-3_20190719_074334_d147_Nickel_V_c.fit
58676.379977	0.125	14.316	14.281	14.351	20.7461	V	m15_data/M15-3_20190712_090710_d167_Nickel_V_c.fit
58676.378542	0.04167	14.236	14.188	14.284	20.5775	V	m15_data/M15-3_20190712_090506_d166_Nickel_V_c.fit
58676.377743	0.01389	14.235	14.188	14.282	19.60765	V	m15_data/M15-3_20190712_090357_d165_Nickel_V_c.fit
58672.480799	0.125	14.273	14.24	14.306	20.75858	V	m15_data/M15-3_20190708_113221_d216_Nickel_V_c.fit
58672.479282	0.04167	14.246	14.218	14.274	20.12492	V	m15_data/M15-3_20190708_113010_d215_Nickel_V_c.fit
58672.478669	0.01389	14.262	14.231	14.293	19.3954	V	m15_data/M15-3_20190708_112917_d214_Nickel_V_c.fit
58664.407257	0.125	14.277	14.254	14.3	19.02719	V	m15_data/M15-3_20190630_094627_d194_Nickel_V_c.fit
58664.406181	0.04167	14.261	14.226	14.296	17.46218	V	m15_data/M15-3_20190630_094454_d193_Nickel_V_c.fit
58664.405428	0.01389	14.222	14.188	14.256	16.90695	V	m15_data/M15-3_20190630_094349_d192_Nickel_V_c.fit
58658.395012	0.125	14.422	14.387	14.457	20.52881	V	m15_data/M15-3_20190624_092849_d136_Nickel_V_c.fit
58658.393553	0.04167	14.413	14.377	14.449	19.97704	V	m15_data/M15-3_20190624_092643_d135_Nickel_V_c.fit
58658.392917	0.01389	14.302	14.268	14.336	19.07529	V	m15_data/M15-3_20190624_092548_d134_Nickel_V_c.fit
58653.407963	0.125	14.353	14.326	14.38	20.51479	V	m15_data/M15-3_20190619_094728_d178_Nickel_V_c.fit
58653.406748	0.04167	14.367	14.342	14.392	19.93941	V	m15_data/M15-3_20190619_094543_d177_Nickel_V_c.fit
58653.406111	0.01389	14.337	14.312	14.362	19.2437	V	m15_data/M15-3_20190619_094448_d176_Nickel_V_c.fit
