;; MJD	etburst	mag	-emag	+emag	limmag	filter	imagename
59058.472697	0.125	13.884	13.84	13.928	20.55946	V	m15_data/M15-3_20200728_112041_d231_Nickel_V_c.fit
59058.47162	0.04167	13.932	13.874	13.99	20.09788	V	m15_data/M15-3_20200728_111908_d230_Nickel_V_c.fit
59058.470567	0.01389	13.806	13.749	13.863	19.178	V	m15_data/M15-3_20200728_111737_d229_Nickel_V_c.fit
59058.440949	0.125	13.925	13.847	14.003	21.10267	V	m15_data/M15-3_20200728_103458_d211_Nickel_V_c.fit
59058.439861	0.04167	13.991	13.91	14.072	20.39103	V	m15_data/M15-3_20200728_103324_d210_Nickel_V_c.fit
59058.439248	0.01389	14.159	14.116	14.202	19.83483	V	m15_data/M15-3_20200728_103231_d209_Nickel_V_c.fit
59058.403495	0.125	13.943	13.863	14.023	21.09777	V	m15_data/M15-3_20200728_094102_d195_Nickel_V_c.fit
59058.402361	0.04167	13.932	13.864	14.0	20.23794	V	m15_data/M15-3_20200728_093924_d194_Nickel_V_c.fit
59058.401586	0.01389	13.9	13.861	13.939	19.38289	V	m15_data/M15-3_20200728_093817_d193_Nickel_V_c.fit
59058.369572	0.125	14.13	14.061	14.199	21.33054	V	m15_data/M15-3_20200728_085211_d179_Nickel_V_c.fit
59058.368438	0.04167	14.15	14.079	14.221	20.66667	V	m15_data/M15-3_20200728_085033_d178_Nickel_V_c.fit
59058.36772	0.01389	14.251	14.213	14.289	19.97788	V	m15_data/M15-3_20200728_084931_d177_Nickel_V_c.fit
59058.350093	0.125	14.095	14.019	14.171	21.232	V	m15_data/M15-3_20200728_082408_d167_Nickel_V_c.fit
59058.348912	0.04167	14.136	14.061	14.211	20.54425	V	m15_data/M15-3_20200728_082226_d166_Nickel_V_c.fit
59058.348218	0.01389	14.19	14.15	14.23	19.80906	V	m15_data/M15-3_20200728_082126_d165_Nickel_V_c.fit
59058.331053	0.125	13.922	13.847	13.997	20.95772	V	m15_data/M15-3_20200728_075643_d155_Nickel_V_c.fit
59058.329954	0.04167	14.042	13.966	14.118	20.38532	V	m15_data/M15-3_20200728_075508_d154_Nickel_V_c.fit
59058.329271	0.01389	13.813	13.774	13.852	19.33718	V	m15_data/M15-3_20200728_075409_d153_Nickel_V_c.fit
59054.424525	0.125	13.949	13.895	14.003	20.81904	V	m15_data/M15-3_20200724_101119_d204_Nickel_V_c.fit
59054.423426	0.04167	13.937	13.875	13.999	20.16789	V	m15_data/M15-3_20200724_100944_d203_Nickel_V_c.fit
59054.422778	0.01389	13.885	13.855	13.915	19.24257	V	m15_data/M15-3_20200724_100848_d202_Nickel_V_c.fit
59054.349282	0.125	13.884	13.828	13.94	20.7469	V	m15_data/M15-3_20200724_082258_d172_Nickel_V_c.fit
59054.348032	0.04167	13.912	13.861	13.963	20.03424	V	m15_data/M15-3_20200724_082110_d171_Nickel_V_c.fit
59054.347361	0.01389	13.939	13.889	13.989	19.21168	V	m15_data/M15-3_20200724_082012_d170_Nickel_V_c.fit
59051.336505	0.125	13.881	13.817	13.945	20.92444	V	m15_data/M15-3_20200721_080434_d153_Nickel_V_c.fit
59051.335139	0.04167	14.051	13.989	14.113	20.32194	V	m15_data/M15-3_20200721_080236_d152_Nickel_V_c.fit
59051.334016	0.01389	13.977	13.944	14.01	19.41271	V	m15_data/M15-3_20200721_080059_d151_Nickel_V_c.fit
59043.364271	0.125	13.979	13.904	14.054	20.81349	V	m15_data/M15-3_20200713_084433_d188_Nickel_V_c.fit
59043.362928	0.04167	14.065	13.993	14.137	20.24039	V	m15_data/M15-3_20200713_084237_d187_Nickel_V_c.fit
59043.360903	0.01389	14.004	13.925	14.083	19.2963	V	m15_data/M15-3_20200713_083942_d186_Nickel_V_c.fit
59039.414838	0.125	14.105	14.035	14.175	20.52254	V	m15_data/M15-3_20200709_095722_d176_Nickel_V_c.fit
59039.413681	0.04167	14.016	13.944	14.088	19.65123	V	m15_data/M15-3_20200709_095542_d175_Nickel_V_c.fit
59039.412963	0.01389	14.188	14.145	14.231	19.2211	V	m15_data/M15-3_20200709_095440_d174_Nickel_V_c.fit
59030.461088	0.04167	14.863	14.784	14.942	20.44038	B	m15_data/M15-3_20200630_110358_d190_Nickel_B_c.fit
59030.458495	0.125	13.957	13.881	14.033	21.09893	V	m15_data/M15-3_20200630_110014_d189_Nickel_V_c.fit
59030.45735	0.04167	13.989	13.916	14.062	20.27174	V	m15_data/M15-3_20200630_105835_d188_Nickel_V_c.fit
59030.456725	0.01389	14.239	14.204	14.274	19.78044	V	m15_data/M15-3_20200630_105741_d187_Nickel_V_c.fit
59026.461447	0.125	13.987	13.935	14.039	20.80157	V	m15_data/M15-3_20200626_110429_d160_Nickel_V_c.fit
59026.46	0.04167	13.957	13.903	14.011	20.12271	V	m15_data/M15-3_20200626_110224_d159_Nickel_V_c.fit
59026.458831	0.01389	13.969	13.935	14.003	19.35955	V	m15_data/M15-3_20200626_110043_d158_Nickel_V_c.fit
59022.401782	0.125	13.931	13.877	13.985	20.77238	V	m15_data/M15-3_20200622_093834_d139_Nickel_V_c.fit
59022.400046	0.04167	14.0	13.949	14.051	20.15082	V	m15_data/M15-3_20200622_093604_d138_Nickel_V_c.fit
59022.398819	0.01389	13.926	13.895	13.957	19.28687	V	m15_data/M15-3_20200622_093418_d137_Nickel_V_c.fit
59018.443229	0.125	13.941	13.897	13.985	20.55267	V	m15_data/M15-3_20200618_103815_d200_Nickel_V_c.fit
59018.442153	0.04167	13.96	13.913	14.007	19.95194	V	m15_data/M15-3_20200618_103642_d199_Nickel_V_c.fit
59018.441389	0.01389	14.009	13.975	14.043	19.17114	V	m15_data/M15-3_20200618_103536_d198_Nickel_V_c.fit
59010.443333	0.125	14.04	13.965	14.115	20.84169	V	m15_data/M15-3_20200610_103824_d181_Nickel_V_c.fit
59010.442095	0.04167	14.075	14.0	14.15	20.19061	V	m15_data/M15-3_20200610_103637_d180_Nickel_V_c.fit
59010.439167	0.01389	13.958	13.92	13.996	19.20196	V	m15_data/M15-3_20200610_103224_d179_Nickel_V_c.fit
58994.479502	0.04167	13.706	13.647	13.765	20.66826	R	m15_data/M15-3_20200525_113029_d178_Nickel_R_c.fit
58994.476736	0.125	14.167	14.106	14.228	21.27681	V	m15_data/M15-3_20200525_112630_d177_Nickel_V_c.fit
58994.475069	0.04167	14.196	14.136	14.256	20.54041	V	m15_data/M15-3_20200525_112406_d176_Nickel_V_c.fit
58994.474306	0.01389	14.287	14.253	14.321	19.84735	V	m15_data/M15-3_20200525_112300_d175_Nickel_V_c.fit
58994.471597	0.125	14.946	14.881	15.011	21.39275	B	m15_data/M15-3_20200525_111906_d174_Nickel_B_c.fit
58994.470278	0.04167	14.997	14.934	15.06	20.64717	B	m15_data/M15-3_20200525_111712_d173_Nickel_B_c.fit
58994.469583	0.01389	14.952	14.91	14.994	19.54947	B	m15_data/M15-3_20200525_111612_d172_Nickel_B_c.fit
58990.493275	0.04167	13.921	13.865	13.977	19.4797	V	m15_data/M15-3_20200521_115019_d204_Nickel_V_c.fit
58990.492639	0.01389	13.952	13.901	14.003	18.87217	V	m15_data/M15-3_20200521_114924_d203_Nickel_V_c.fit
58856.102153	0.04167	13.86	13.832	13.888	18.43389	V	m15_data/M15-3_20200108_022706_d138_Nickel_V_c.fit
58856.10147	0.01389	13.747	13.722	13.772	17.43314	V	m15_data/M15-3_20200108_022607_d137_Nickel_V_c.fit
58805.188588	0.125	13.873	13.828	13.918	20.41838	V	m15_data/M15-3_20191118_043134_d166_Nickel_V_c.fit
58805.187431	0.04167	13.9	13.855	13.945	19.78489	V	m15_data/M15-3_20191118_042954_d165_Nickel_V_c.fit
58805.186377	0.01389	13.935	13.887	13.983	19.0715	V	m15_data/M15-3_20191118_042823_d164_Nickel_V_c.fit
58805.097928	0.125	13.951	13.881	14.021	20.86731	V	m15_data/M15-3_20191118_022101_d138_Nickel_V_c.fit
58805.09669	0.04167	13.993	13.927	14.059	20.26345	V	m15_data/M15-3_20191118_021914_d137_Nickel_V_c.fit
58805.09581	0.01389	14.054	14.012	14.096	19.54285	V	m15_data/M15-3_20191118_021758_d136_Nickel_V_c.fit
58794.144201	0.125	14.003	13.938	14.068	20.49186	V	m15_data/M15-3_20191107_032739_d141_Nickel_V_c.fit
58794.143009	0.04167	14.058	13.995	14.121	19.83829	V	m15_data/M15-3_20191107_032556_d140_Nickel_V_c.fit
58794.142176	0.01389	14.173	14.138	14.208	19.37975	V	m15_data/M15-3_20191107_032444_d139_Nickel_V_c.fit
58792.13934	0.125	14.112	14.035	14.189	20.75108	V	m15_data/M15-3_20191105_032039_d153_Nickel_V_c.fit
58792.137894	0.04167	14.031	13.955	14.107	19.94257	V	m15_data/M15-3_20191105_031834_d152_Nickel_V_c.fit
58792.137164	0.01389	13.957	13.915	13.999	19.1409	V	m15_data/M15-3_20191105_031731_d151_Nickel_V_c.fit
58789.286123	0.125	13.937	13.869	14.005	20.40844	V	m15_data/M15-3_20191102_065201_d173_Nickel_V_c.fit
58789.284931	0.04167	13.959	13.9	14.018	19.80567	V	m15_data/M15-3_20191102_065018_d172_Nickel_V_c.fit
58789.284282	0.01389	14.071	14.031	14.111	19.13053	V	m15_data/M15-3_20191102_064922_d171_Nickel_V_c.fit
58789.189306	0.125	14.067	13.999	14.135	21.02581	V	m15_data/M15-3_20191102_043236_d153_Nickel_V_c.fit
58789.188079	0.04167	14.01	13.951	14.069	20.12138	V	m15_data/M15-3_20191102_043050_d152_Nickel_V_c.fit
58789.186678	0.01389	14.205	14.169	14.241	19.67757	V	m15_data/M15-3_20191102_042849_d151_Nickel_V_c.fit
58788.16772	0.125	13.912	13.864	13.96	20.5952	V	m15_data/M15-3_20191101_040131_d160_Nickel_V_c.fit
58788.166632	0.04167	13.927	13.881	13.973	19.91472	V	m15_data/M15-3_20191101_035957_d159_Nickel_V_c.fit
58788.166007	0.01389	13.967	13.921	14.013	19.2052	V	m15_data/M15-3_20191101_035903_d158_Nickel_V_c.fit
58779.252894	0.08333	13.925	13.879	13.971	20.20812	V	m15_data/M15-3_20191023_060410_d143_Nickel_V_c.fit
58779.251296	0.04167	13.939	13.893	13.985	19.78747	V	m15_data/M15-3_20191023_060152_d142_Nickel_V_c.fit
58779.250451	0.01389	13.947	13.901	13.993	19.01341	V	m15_data/M15-3_20191023_060039_d141_Nickel_V_c.fit
58775.267731	0.125	13.897	13.855	13.939	20.19722	V	m15_data/M15-3_20191019_062532_d148_Nickel_V_c.fit
58775.26625	0.04167	13.95	13.898	14.002	19.80172	V	m15_data/M15-3_20191019_062324_d147_Nickel_V_c.fit
58775.263218	0.01389	13.928	13.886	13.97	18.84121	V	m15_data/M15-3_20191019_061902_d146_Nickel_V_c.fit
58769.350845	0.125	14.023	13.955	14.091	19.45082	V	m15_data/M15-3_20191013_082513_d309_Nickel_V_c.fit
58769.348634	0.04167	14.114	14.079	14.149	19.07424	V	m15_data/M15-3_20191013_082202_d308_Nickel_V_c.fit
58769.347894	0.01389	14.182	14.148	14.216	18.50547	V	m15_data/M15-3_20191013_082058_d307_Nickel_V_c.fit
58768.312442	0.125	13.965	13.905	14.025	19.64247	V	m15_data/M15-3_20191012_072955_d184_Nickel_V_c.fit
58768.311019	0.04167	13.945	13.913	13.977	19.06325	V	m15_data/M15-3_20191012_072752_d183_Nickel_V_c.fit
58768.310255	0.01389	14.002	13.967	14.037	18.463	V	m15_data/M15-3_20191012_072646_d182_Nickel_V_c.fit
58763.225799	0.125	14.133	14.097	14.169	17.04683	V	m15_data/M15-3_20191007_052509_d145_Nickel_V_c.fit
58763.222731	0.04167	14.405	14.33	14.48	15.67493	V	m15_data/M15-3_20191007_052044_d144_Nickel_V_c.fit
58763.221968	0.01389	14.026	13.986	14.066	17.99718	V	m15_data/M15-3_20191007_051938_d143_Nickel_V_c.fit
58759.220556	0.125	13.984	13.929	14.039	20.75044	V	m15_data/M15-3_20191003_051736_d145_Nickel_V_c.fit
58759.219468	0.04167	14.004	13.945	14.063	20.15551	V	m15_data/M15-3_20191003_051602_d144_Nickel_V_c.fit
58759.21875	0.01389	14.071	14.034	14.108	19.43542	V	m15_data/M15-3_20191003_051500_d143_Nickel_V_c.fit
58751.220509	0.125	14.048	13.979	14.117	21.11832	V	m15_data/M15-3_20190925_051732_d153_Nickel_V_c.fit
58751.21941	0.04167	14.057	13.988	14.126	20.4686	V	m15_data/M15-3_20190925_051557_d152_Nickel_V_c.fit
58751.218623	0.01389	14.012	13.975	14.049	19.5847	V	m15_data/M15-3_20190925_051449_d151_Nickel_V_c.fit
58746.383611	0.125	14.121	14.084	14.158	19.28133	V	m15_data/M15-3_20190920_091224_d136_Nickel_V_c.fit
58746.382604	0.04167	13.899	13.86	13.938	18.16266	V	m15_data/M15-3_20190920_091057_d135_Nickel_V_c.fit
58746.382153	0.01389	13.889	13.86	13.918	17.09097	V	m15_data/M15-3_20190920_091018_d134_Nickel_V_c.fit
58738.259109	0.125	13.907	13.847	13.967	19.94438	V	m15_data/M15-3_20190912_061307_d165_Nickel_V_c.fit
58738.257986	0.04167	13.999	13.963	14.035	19.43284	V	m15_data/M15-3_20190912_061130_d164_Nickel_V_c.fit
58738.256007	0.01389	13.957	13.893	14.021	18.67575	V	m15_data/M15-3_20190912_060839_d163_Nickel_V_c.fit
58735.30581	0.125	13.966	13.93	14.002	19.93963	V	m15_data/M15-3_20190909_072022_d161_Nickel_V_c.fit
58735.304722	0.04167	13.893	13.855	13.931	19.29306	V	m15_data/M15-3_20190909_071848_d160_Nickel_V_c.fit
58735.304051	0.01389	13.952	13.908	13.996	18.71903	V	m15_data/M15-3_20190909_071750_d159_Nickel_V_c.fit
58731.370938	0.125	14.071	14.006	14.136	20.99291	V	m15_data/M15-3_20190905_085409_d193_Nickel_V_c.fit
58731.36985	0.04167	14.095	14.032	14.158	20.37556	V	m15_data/M15-3_20190905_085235_d192_Nickel_V_c.fit
58731.369167	0.01389	14.134	14.096	14.172	19.6935	V	m15_data/M15-3_20190905_085136_d191_Nickel_V_c.fit
58731.183519	0.01389	14.143	14.105	14.181	19.58124	V	m15_data/M15-3_20190905_042416_d134_Nickel_V_c.fit
58731.181806	0.04167	14.103	14.036	14.17	20.23719	V	m15_data/M15-3_20190905_042148_d133_Nickel_V_c.fit
58731.179213	0.125	14.129	14.06	14.198	21.00578	V	m15_data/M15-3_20190905_041804_d132_Nickel_V_c.fit
58728.190336	0.08333	13.95	13.884	14.016	20.71734	V	m15_data/M15-3_20190902_043405_d161_Nickel_V_c.fit
58728.189259	0.04167	13.949	13.894	14.004	20.159	V	m15_data/M15-3_20190902_043232_d160_Nickel_V_c.fit
58728.188079	0.01389	13.913	13.863	13.963	19.30881	V	m15_data/M15-3_20190902_043050_d159_Nickel_V_c.fit
58724.250938	0.125	13.973	13.928	14.018	20.61876	V	m15_data/M15-3_20190829_060121_d162_Nickel_V_c.fit
58724.249861	0.04167	13.982	13.932	14.032	19.9677	V	m15_data/M15-3_20190829_055948_d161_Nickel_V_c.fit
58724.249236	0.01389	14.048	13.985	14.111	19.30802	V	m15_data/M15-3_20190829_055854_d160_Nickel_V_c.fit
58721.312535	0.125	13.864	13.799	13.929	20.83609	V	m15_data/M15-3_20190826_073003_d155_Nickel_V_c.fit
58721.310417	0.04167	13.918	13.829	14.007	20.25626	V	m15_data/M15-3_20190826_072700_d154_Nickel_V_c.fit
58721.309653	0.01389	13.989	13.945	14.033	19.50806	V	m15_data/M15-3_20190826_072554_d153_Nickel_V_c.fit
58713.33816	0.04167	13.887	13.843	13.931	19.31304	V	m15_data/M15-3_20190818_080657_d157_Nickel_V_c.fit
58713.335475	0.125	13.966	13.932	14.0	19.81673	V	m15_data/M15-3_20190818_080305_d156_Nickel_V_c.fit
58713.3189	0.01389	13.726	13.702	13.75	17.95588	V	m15_data/M15-3_20190818_073913_d155_Nickel_V_c.fit
58713.317604	0.01389	13.972	13.915	14.029	18.662	V	m15_data/M15-3_20190818_073721_d154_Nickel_V_c.fit
58708.300914	0.125	13.943	13.902	13.984	19.83597	V	m15_data/M15-3_20190813_071319_d166_Nickel_V_c.fit
58708.299375	0.04167	13.964	13.912	14.016	19.36477	V	m15_data/M15-3_20190813_071106_d165_Nickel_V_c.fit
58708.298194	0.01389	13.94	13.886	13.994	18.67028	V	m15_data/M15-3_20190813_070924_d164_Nickel_V_c.fit
58697.342234	0.125	13.804	13.774	13.834	19.94709	V	m15_data/M15-3_20190802_081249_d165_Nickel_V_c.fit
58697.340486	0.04167	13.767	13.739	13.795	19.22785	V	m15_data/M15-3_20190802_081018_d164_Nickel_V_c.fit
58697.339537	0.01389	13.799	13.768	13.83	18.42103	V	m15_data/M15-3_20190802_080856_d163_Nickel_V_c.fit
58690.323958	0.125	13.895	13.838	13.952	20.82417	V	m15_data/M15-3_20190726_074630_d172_Nickel_V_c.fit
58690.322326	0.04167	14.0	13.938	14.062	20.26241	V	m15_data/M15-3_20190726_074409_d171_Nickel_V_c.fit
58690.321586	0.01389	13.998	13.962	14.034	19.43169	V	m15_data/M15-3_20190726_074305_d170_Nickel_V_c.fit
58683.323785	0.125	13.899	13.839	13.959	20.13184	V	m15_data/M15-3_20190719_074615_d149_Nickel_V_c.fit
58683.322581	0.04167	13.903	13.841	13.965	19.47144	V	m15_data/M15-3_20190719_074431_d148_Nickel_V_c.fit
58683.321921	0.01389	13.989	13.954	14.024	18.88936	V	m15_data/M15-3_20190719_074334_d147_Nickel_V_c.fit
58676.379977	0.125	13.872	13.814	13.93	20.7461	V	m15_data/M15-3_20190712_090710_d167_Nickel_V_c.fit
58676.378542	0.04167	14.163	14.091	14.235	20.5775	V	m15_data/M15-3_20190712_090506_d166_Nickel_V_c.fit
58676.377743	0.01389	14.129	14.088	14.17	19.59415	V	m15_data/M15-3_20190712_090357_d165_Nickel_V_c.fit
58672.480799	0.125	13.92	13.865	13.975	20.75858	V	m15_data/M15-3_20190708_113221_d216_Nickel_V_c.fit
58672.479282	0.04167	13.949	13.901	13.997	20.12492	V	m15_data/M15-3_20190708_113010_d215_Nickel_V_c.fit
58672.478669	0.01389	13.966	13.934	13.998	19.37753	V	m15_data/M15-3_20190708_112917_d214_Nickel_V_c.fit
58672.297512	0.125	13.991	13.97	14.012	19.41419	V	m15_data/M15-3_20190708_070825_d167_Nickel_V_c.fit
58672.296366	0.04167	13.736	13.711	13.761	18.89428	V	m15_data/M15-3_20190708_070646_d166_Nickel_V_c.fit
58672.295498	0.01389	13.721	13.696	13.746	18.09492	V	m15_data/M15-3_20190708_070531_d165_Nickel_V_c.fit
58664.407257	0.125	13.93	13.895	13.965	19.02719	V	m15_data/M15-3_20190630_094627_d194_Nickel_V_c.fit
58664.406181	0.04167	14.161	14.109	14.213	17.46218	V	m15_data/M15-3_20190630_094454_d193_Nickel_V_c.fit
58664.405428	0.01389	14.033	13.997	14.069	16.91033	V	m15_data/M15-3_20190630_094349_d192_Nickel_V_c.fit
58658.395012	0.125	13.987	13.928	14.046	20.52881	V	m15_data/M15-3_20190624_092849_d136_Nickel_V_c.fit
58658.393553	0.04167	14.002	13.934	14.07	19.97704	V	m15_data/M15-3_20190624_092643_d135_Nickel_V_c.fit
58658.392917	0.01389	13.969	13.911	14.027	19.07529	V	m15_data/M15-3_20190624_092548_d134_Nickel_V_c.fit
58653.407963	0.125	13.963	13.891	14.035	20.51479	V	m15_data/M15-3_20190619_094728_d178_Nickel_V_c.fit
58653.406748	0.04167	13.988	13.913	14.063	19.93941	V	m15_data/M15-3_20190619_094543_d177_Nickel_V_c.fit
58653.406111	0.01389	14.01	13.97	14.05	19.2392	V	m15_data/M15-3_20190619_094448_d176_Nickel_V_c.fit
