;; MJD	etburst	mag	-emag	+emag	limmag	filter	imagename
59058.472697	0.125	15.024	15.018	15.03	20.55971	V	m15_data/M15-3_20200728_112041_d231_Nickel_V_c.fit
59058.47162	0.04167	15.01	15.004	15.016	20.09801	V	m15_data/M15-3_20200728_111908_d230_Nickel_V_c.fit
59058.470567	0.01389	15.052	15.04	15.064	19.18638	V	m15_data/M15-3_20200728_111737_d229_Nickel_V_c.fit
59058.440949	0.125	15.028	15.021	15.035	21.10355	V	m15_data/M15-3_20200728_103458_d211_Nickel_V_c.fit
59058.439861	0.04167	15.018	15.011	15.025	20.39191	V	m15_data/M15-3_20200728_103324_d210_Nickel_V_c.fit
59058.439248	0.01389	15.044	15.031	15.057	19.84071	V	m15_data/M15-3_20200728_103231_d209_Nickel_V_c.fit
59058.403495	0.125	15.034	15.025	15.043	21.09815	V	m15_data/M15-3_20200728_094102_d195_Nickel_V_c.fit
59058.402361	0.04167	15.036	15.028	15.044	20.26264	V	m15_data/M15-3_20200728_093924_d194_Nickel_V_c.fit
59058.401586	0.01389	15.025	15.014	15.036	19.41878	V	m15_data/M15-3_20200728_093817_d193_Nickel_V_c.fit
59058.369572	0.125	15.026	15.02	15.032	21.35979	V	m15_data/M15-3_20200728_085211_d179_Nickel_V_c.fit
59058.368438	0.04167	15.023	15.015	15.031	20.66642	V	m15_data/M15-3_20200728_085033_d178_Nickel_V_c.fit
59058.36772	0.01389	15.026	15.015	15.037	19.984	V	m15_data/M15-3_20200728_084931_d177_Nickel_V_c.fit
59058.350093	0.125	15.024	15.018	15.03	21.23275	V	m15_data/M15-3_20200728_082408_d167_Nickel_V_c.fit
59058.348912	0.04167	15.03	15.021	15.039	20.54475	V	m15_data/M15-3_20200728_082226_d166_Nickel_V_c.fit
59058.348218	0.01389	15.022	15.011	15.033	19.81681	V	m15_data/M15-3_20200728_082126_d165_Nickel_V_c.fit
59058.331053	0.125	15.02	15.015	15.025	20.95772	V	m15_data/M15-3_20200728_075643_d155_Nickel_V_c.fit
59058.329954	0.04167	15.024	15.017	15.031	20.39541	V	m15_data/M15-3_20200728_075508_d154_Nickel_V_c.fit
59058.329271	0.01389	15.013	15.004	15.022	19.38436	V	m15_data/M15-3_20200728_075409_d153_Nickel_V_c.fit
59054.424525	0.125	15.029	15.023	15.035	20.81979	V	m15_data/M15-3_20200724_101119_d204_Nickel_V_c.fit
59054.423426	0.04167	15.035	15.028	15.042	20.16839	V	m15_data/M15-3_20200724_100944_d203_Nickel_V_c.fit
59054.422778	0.01389	15.043	15.032	15.054	19.25757	V	m15_data/M15-3_20200724_100848_d202_Nickel_V_c.fit
59054.349282	0.125	15.02	15.015	15.025	20.74999	V	m15_data/M15-3_20200724_082258_d172_Nickel_V_c.fit
59054.348032	0.04167	15.029	15.023	15.035	20.04805	V	m15_data/M15-3_20200724_082110_d171_Nickel_V_c.fit
59054.347361	0.01389	15.044	15.034	15.054	19.21081	V	m15_data/M15-3_20200724_082012_d170_Nickel_V_c.fit
59051.336505	0.125	15.013	15.007	15.019	20.93282	V	m15_data/M15-3_20200721_080434_d153_Nickel_V_c.fit
59051.335139	0.04167	15.019	15.011	15.027	20.35984	V	m15_data/M15-3_20200721_080236_d152_Nickel_V_c.fit
59051.334016	0.01389	15.006	14.996	15.016	19.42762	V	m15_data/M15-3_20200721_080059_d151_Nickel_V_c.fit
59043.364271	0.125	15.019	15.011	15.027	20.81387	V	m15_data/M15-3_20200713_084433_d188_Nickel_V_c.fit
59043.362928	0.04167	15.018	15.008	15.028	20.24076	V	m15_data/M15-3_20200713_084237_d187_Nickel_V_c.fit
59043.360903	0.01389	15.008	14.994	15.022	19.29555	V	m15_data/M15-3_20200713_083942_d186_Nickel_V_c.fit
59039.414838	0.125	15.05	15.039	15.061	20.52329	V	m15_data/M15-3_20200709_095722_d176_Nickel_V_c.fit
59039.413681	0.04167	15.05	15.042	15.058	19.65625	V	m15_data/M15-3_20200709_095542_d175_Nickel_V_c.fit
59039.412963	0.01389	15.044	15.031	15.057	19.2226	V	m15_data/M15-3_20200709_095440_d174_Nickel_V_c.fit
59030.461088	0.04167	15.242	15.233	15.251	20.43925	B	m15_data/M15-3_20200630_110358_d190_Nickel_B_c.fit
59030.458495	0.125	15.01	15.005	15.015	21.09893	V	m15_data/M15-3_20200630_110014_d189_Nickel_V_c.fit
59030.45735	0.04167	15.009	15.003	15.015	20.27224	V	m15_data/M15-3_20200630_105835_d188_Nickel_V_c.fit
59030.456725	0.01389	15.021	15.011	15.031	19.79244	V	m15_data/M15-3_20200630_105741_d187_Nickel_V_c.fit
59026.461447	0.125	15.026	15.021	15.031	20.80132	V	m15_data/M15-3_20200626_110429_d160_Nickel_V_c.fit
59026.46	0.04167	15.023	15.017	15.029	20.13981	V	m15_data/M15-3_20200626_110224_d159_Nickel_V_c.fit
59026.458831	0.01389	15.016	15.005	15.027	19.38418	V	m15_data/M15-3_20200626_110043_d158_Nickel_V_c.fit
59022.401782	0.125	15.016	15.01	15.022	20.78685	V	m15_data/M15-3_20200622_093834_d139_Nickel_V_c.fit
59022.400046	0.04167	15.018	15.011	15.025	20.15057	V	m15_data/M15-3_20200622_093604_d138_Nickel_V_c.fit
59022.398819	0.01389	15.029	15.019	15.039	19.30737	V	m15_data/M15-3_20200622_093418_d137_Nickel_V_c.fit
59018.443229	0.125	15.023	15.017	15.029	20.57397	V	m15_data/M15-3_20200618_103815_d200_Nickel_V_c.fit
59018.442153	0.04167	15.024	15.017	15.031	19.96947	V	m15_data/M15-3_20200618_103642_d199_Nickel_V_c.fit
59018.441389	0.01389	15.063	15.049	15.077	19.18686	V	m15_data/M15-3_20200618_103536_d198_Nickel_V_c.fit
59010.443333	0.125	14.976	14.97	14.982	20.84119	V	m15_data/M15-3_20200610_103824_d181_Nickel_V_c.fit
59010.442095	0.04167	14.978	14.972	14.984	20.19011	V	m15_data/M15-3_20200610_103637_d180_Nickel_V_c.fit
59010.439167	0.01389	14.973	14.965	14.981	19.20909	V	m15_data/M15-3_20200610_103224_d179_Nickel_V_c.fit
58994.479502	0.04167	14.865	14.858	14.872	20.66839	R	m15_data/M15-3_20200525_113029_d178_Nickel_R_c.fit
58994.476736	0.125	15.011	15.006	15.016	21.27631	V	m15_data/M15-3_20200525_112630_d177_Nickel_V_c.fit
58994.475069	0.04167	15.002	14.996	15.008	20.54004	V	m15_data/M15-3_20200525_112406_d176_Nickel_V_c.fit
58994.474306	0.01389	14.989	14.98	14.998	19.85775	V	m15_data/M15-3_20200525_112300_d175_Nickel_V_c.fit
58994.471597	0.125	15.245	15.237	15.253	21.39463	B	m15_data/M15-3_20200525_111906_d174_Nickel_B_c.fit
58994.470278	0.04167	15.249	15.24	15.258	20.64617	B	m15_data/M15-3_20200525_111712_d173_Nickel_B_c.fit
58994.469583	0.01389	15.264	15.251	15.277	19.55959	B	m15_data/M15-3_20200525_111612_d172_Nickel_B_c.fit
58990.494352	0.125	15.012	15.007	15.017	19.90308	V	m15_data/M15-3_20200521_115152_d205_Nickel_V_c.fit
58990.493275	0.04167	15.023	15.016	15.03	19.50762	V	m15_data/M15-3_20200521_115019_d204_Nickel_V_c.fit
58990.492639	0.01389	15.011	15.002	15.02	18.89214	V	m15_data/M15-3_20200521_114924_d203_Nickel_V_c.fit
58856.102153	0.04167	15.011	15.004	15.018	18.4348	V	m15_data/M15-3_20200108_022706_d138_Nickel_V_c.fit
58856.10147	0.01389	14.983	14.967	14.999	17.43314	V	m15_data/M15-3_20200108_022607_d137_Nickel_V_c.fit
58805.188588	0.125	15.022	15.017	15.027	20.41888	V	m15_data/M15-3_20191118_043134_d166_Nickel_V_c.fit
58805.187431	0.04167	15.02	15.014	15.026	19.78489	V	m15_data/M15-3_20191118_042954_d165_Nickel_V_c.fit
58805.186377	0.01389	15.036	15.027	15.045	19.08588	V	m15_data/M15-3_20191118_042823_d164_Nickel_V_c.fit
58805.097928	0.125	15.01	15.005	15.015	20.91907	V	m15_data/M15-3_20191118_022101_d138_Nickel_V_c.fit
58805.09669	0.04167	15.007	15.001	15.013	20.26345	V	m15_data/M15-3_20191118_021914_d137_Nickel_V_c.fit
58805.09581	0.01389	14.998	14.99	15.006	19.56472	V	m15_data/M15-3_20191118_021758_d136_Nickel_V_c.fit
58794.144201	0.125	15.009	15.004	15.014	20.49148	V	m15_data/M15-3_20191107_032739_d141_Nickel_V_c.fit
58794.143009	0.04167	15.01	15.004	15.016	19.84708	V	m15_data/M15-3_20191107_032556_d140_Nickel_V_c.fit
58794.142176	0.01389	15.0	14.99	15.01	19.38313	V	m15_data/M15-3_20191107_032444_d139_Nickel_V_c.fit
58792.13934	0.125	15.089	15.053	15.125	20.77968	V	m15_data/M15-3_20191105_032039_d153_Nickel_V_c.fit
58792.137894	0.04167	15.057	15.037	15.077	19.95679	V	m15_data/M15-3_20191105_031834_d152_Nickel_V_c.fit
58792.137164	0.01389	15.097	15.07	15.124	19.17571	V	m15_data/M15-3_20191105_031731_d151_Nickel_V_c.fit
58789.286123	0.125	15.05	15.043	15.057	20.40914	V	m15_data/M15-3_20191102_065201_d173_Nickel_V_c.fit
58789.284931	0.04167	15.046	15.038	15.054	19.81014	V	m15_data/M15-3_20191102_065018_d172_Nickel_V_c.fit
58789.284282	0.01389	15.047	15.034	15.06	19.1537	V	m15_data/M15-3_20191102_064922_d171_Nickel_V_c.fit
58789.189306	0.125	15.036	15.031	15.041	21.02568	V	m15_data/M15-3_20191102_043236_d153_Nickel_V_c.fit
58789.188079	0.04167	15.03	15.024	15.036	20.13129	V	m15_data/M15-3_20191102_043050_d152_Nickel_V_c.fit
58789.186678	0.01389	15.032	15.023	15.041	19.68044	V	m15_data/M15-3_20191102_042849_d151_Nickel_V_c.fit
58788.16772	0.125	15.034	15.03	15.038	20.5952	V	m15_data/M15-3_20191101_040131_d160_Nickel_V_c.fit
58788.166632	0.04167	15.028	15.022	15.034	19.91497	V	m15_data/M15-3_20191101_035957_d159_Nickel_V_c.fit
58788.166007	0.01389	15.041	15.03	15.052	19.20618	V	m15_data/M15-3_20191101_035903_d158_Nickel_V_c.fit
58779.252894	0.08333	15.026	15.022	15.03	20.20749	V	m15_data/M15-3_20191023_060410_d143_Nickel_V_c.fit
58779.251296	0.04167	15.025	15.019	15.031	19.78734	V	m15_data/M15-3_20191023_060152_d142_Nickel_V_c.fit
58779.250451	0.01389	15.024	15.015	15.033	19.01454	V	m15_data/M15-3_20191023_060039_d141_Nickel_V_c.fit
58775.267731	0.125	15.018	15.013	15.023	20.19722	V	m15_data/M15-3_20191019_062532_d148_Nickel_V_c.fit
58775.26625	0.04167	15.03	15.023	15.037	19.8351	V	m15_data/M15-3_20191019_062324_d147_Nickel_V_c.fit
58775.263218	0.01389	15.035	15.026	15.044	18.84932	V	m15_data/M15-3_20191019_061902_d146_Nickel_V_c.fit
58769.350845	0.125	15.006	15.0	15.012	19.45119	V	m15_data/M15-3_20191013_082513_d309_Nickel_V_c.fit
58769.348634	0.04167	15.002	14.994	15.01	19.07111	V	m15_data/M15-3_20191013_082202_d308_Nickel_V_c.fit
58769.347894	0.01389	14.988	14.976	15.0	18.50034	V	m15_data/M15-3_20191013_082058_d307_Nickel_V_c.fit
58768.312442	0.125	15.014	15.006	15.022	19.64235	V	m15_data/M15-3_20191012_072955_d184_Nickel_V_c.fit
58768.311019	0.04167	15.021	15.012	15.03	19.06425	V	m15_data/M15-3_20191012_072752_d183_Nickel_V_c.fit
58768.310255	0.01389	14.997	14.984	15.01	18.47047	V	m15_data/M15-3_20191012_072646_d182_Nickel_V_c.fit
58763.225799	0.125	16.279	16.149	16.409	17.06983	V	m15_data/M15-3_20191007_052509_d145_Nickel_V_c.fit
58763.222731	0.04167	15.267	15.135	15.399	15.6871	V	m15_data/M15-3_20191007_052044_d144_Nickel_V_c.fit
58763.221968	0.01389	15.087	15.07	15.104	18.00806	V	m15_data/M15-3_20191007_051938_d143_Nickel_V_c.fit
58759.220556	0.125	15.026	15.019	15.033	20.75094	V	m15_data/M15-3_20191003_051736_d145_Nickel_V_c.fit
58759.219468	0.04167	15.018	15.01	15.026	20.15564	V	m15_data/M15-3_20191003_051602_d144_Nickel_V_c.fit
58759.21875	0.01389	15.048	15.036	15.06	19.45117	V	m15_data/M15-3_20191003_051500_d143_Nickel_V_c.fit
58751.220509	0.125	15.03	15.024	15.036	21.11857	V	m15_data/M15-3_20190925_051732_d153_Nickel_V_c.fit
58751.21941	0.04167	15.03	15.023	15.037	20.49971	V	m15_data/M15-3_20190925_051557_d152_Nickel_V_c.fit
58751.218623	0.01389	15.033	15.024	15.042	19.61123	V	m15_data/M15-3_20190925_051449_d151_Nickel_V_c.fit
58746.383611	0.125	15.014	15.007	15.021	19.28171	V	m15_data/M15-3_20190920_091224_d136_Nickel_V_c.fit
58746.382604	0.04167	15.004	14.992	15.016	18.16203	V	m15_data/M15-3_20190920_091057_d135_Nickel_V_c.fit
58746.382153	0.01389	15.029	14.999	15.059	17.11847	V	m15_data/M15-3_20190920_091018_d134_Nickel_V_c.fit
58738.259109	0.125	15.019	15.014	15.024	19.94447	V	m15_data/M15-3_20190912_061307_d165_Nickel_V_c.fit
58738.257986	0.04167	15.018	15.011	15.025	19.42996	V	m15_data/M15-3_20190912_061130_d164_Nickel_V_c.fit
58738.256007	0.01389	15.03	15.02	15.04	18.68518	V	m15_data/M15-3_20190912_060839_d163_Nickel_V_c.fit
58735.30581	0.125	15.011	15.005	15.017	19.94	V	m15_data/M15-3_20190909_072022_d161_Nickel_V_c.fit
58735.304722	0.04167	15.016	15.009	15.023	19.29318	V	m15_data/M15-3_20190909_071848_d160_Nickel_V_c.fit
58735.304051	0.01389	15.038	15.026	15.05	18.71753	V	m15_data/M15-3_20190909_071750_d159_Nickel_V_c.fit
58731.370938	0.125	14.999	14.993	15.005	20.99253	V	m15_data/M15-3_20190905_085409_d193_Nickel_V_c.fit
58731.36985	0.04167	14.992	14.986	14.998	20.37544	V	m15_data/M15-3_20190905_085235_d192_Nickel_V_c.fit
58731.369167	0.01389	14.99	14.98	15.0	19.70175	V	m15_data/M15-3_20190905_085136_d191_Nickel_V_c.fit
58731.183519	0.01389	15.047	15.038	15.056	19.59251	V	m15_data/M15-3_20190905_042416_d134_Nickel_V_c.fit
58731.181806	0.04167	15.043	15.035	15.051	20.26176	V	m15_data/M15-3_20190905_042148_d133_Nickel_V_c.fit
58731.179213	0.125	15.035	15.03	15.04	21.00541	V	m15_data/M15-3_20190905_041804_d132_Nickel_V_c.fit
58728.190336	0.08333	15.004	14.999	15.009	20.71734	V	m15_data/M15-3_20190902_043405_d161_Nickel_V_c.fit
58728.189259	0.04167	14.995	14.989	15.001	20.16294	V	m15_data/M15-3_20190902_043232_d160_Nickel_V_c.fit
58728.188079	0.01389	14.99	14.981	14.999	19.30818	V	m15_data/M15-3_20190902_043050_d159_Nickel_V_c.fit
58724.250938	0.125	15.021	15.015	15.027	20.61864	V	m15_data/M15-3_20190829_060121_d162_Nickel_V_c.fit
58724.249861	0.04167	15.015	15.008	15.022	19.9687	V	m15_data/M15-3_20190829_055948_d161_Nickel_V_c.fit
58724.249236	0.01389	15.023	15.012	15.034	19.30827	V	m15_data/M15-3_20190829_055854_d160_Nickel_V_c.fit
58721.312535	0.125	14.996	14.988	15.004	20.85118	V	m15_data/M15-3_20190826_073003_d155_Nickel_V_c.fit
58721.310417	0.04167	15.008	14.998	15.018	20.25768	V	m15_data/M15-3_20190826_072700_d154_Nickel_V_c.fit
58721.309653	0.01389	15.018	15.006	15.03	19.53269	V	m15_data/M15-3_20190826_072554_d153_Nickel_V_c.fit
58713.33816	0.04167	15.06	15.054	15.066	19.31279	V	m15_data/M15-3_20190818_080657_d157_Nickel_V_c.fit
58713.335475	0.125	15.023	15.018	15.028	19.81673	V	m15_data/M15-3_20190818_080305_d156_Nickel_V_c.fit
58713.3189	0.01389	14.998	14.988	15.008	17.95613	V	m15_data/M15-3_20190818_073913_d155_Nickel_V_c.fit
58713.317604	0.01389	15.036	15.025	15.047	18.66188	V	m15_data/M15-3_20190818_073721_d154_Nickel_V_c.fit
58708.300914	0.125	15.037	15.031	15.043	19.84031	V	m15_data/M15-3_20190813_071319_d166_Nickel_V_c.fit
58708.299375	0.04167	15.057	15.049	15.065	19.36527	V	m15_data/M15-3_20190813_071106_d165_Nickel_V_c.fit
58708.298194	0.01389	15.048	15.037	15.059	18.67064	V	m15_data/M15-3_20190813_070924_d164_Nickel_V_c.fit
58697.342234	0.125	15.04	15.034	15.046	19.94759	V	m15_data/M15-3_20190802_081249_d165_Nickel_V_c.fit
58697.340486	0.04167	15.04	15.033	15.047	19.24342	V	m15_data/M15-3_20190802_081018_d164_Nickel_V_c.fit
58697.339537	0.01389	15.037	15.026	15.048	18.42065	V	m15_data/M15-3_20190802_080856_d163_Nickel_V_c.fit
58694.362384	0.125	15.07	15.063	15.077	20.62801	V	m15_data/M15-3_20190730_084150_d144_Nickel_V_c.fit
58694.361204	0.04167	15.053	15.045	15.061	19.92096	V	m15_data/M15-3_20190730_084008_d143_Nickel_V_c.fit
58694.360428	0.01389	15.013	15.004	15.022	18.82621	V	m15_data/M15-3_20190730_083901_d142_Nickel_V_c.fit
58690.323958	0.125	15.012	15.007	15.017	20.82379	V	m15_data/M15-3_20190726_074630_d172_Nickel_V_c.fit
58690.322326	0.04167	15.007	15.001	15.013	20.27684	V	m15_data/M15-3_20190726_074409_d171_Nickel_V_c.fit
58690.321586	0.01389	15.012	15.003	15.021	19.44756	V	m15_data/M15-3_20190726_074305_d170_Nickel_V_c.fit
58683.323785	0.125	15.004	14.998	15.01	20.14108	V	m15_data/M15-3_20190719_074615_d149_Nickel_V_c.fit
58683.322581	0.04167	14.999	14.992	15.006	19.47123	V	m15_data/M15-3_20190719_074431_d148_Nickel_V_c.fit
58683.321921	0.01389	15.002	14.993	15.011	18.89892	V	m15_data/M15-3_20190719_074334_d147_Nickel_V_c.fit
58676.379977	0.125	15.012	15.007	15.017	20.74572	V	m15_data/M15-3_20190712_090710_d167_Nickel_V_c.fit
58676.378542	0.04167	15.038	15.026	15.05	20.57463	V	m15_data/M15-3_20190712_090506_d166_Nickel_V_c.fit
58676.377743	0.01389	15.025	15.013	15.037	19.6086	V	m15_data/M15-3_20190712_090357_d165_Nickel_V_c.fit
58672.480799	0.125	15.003	14.998	15.008	20.76093	V	m15_data/M15-3_20190708_113221_d216_Nickel_V_c.fit
58672.479282	0.04167	15.018	15.011	15.025	20.12504	V	m15_data/M15-3_20190708_113010_d215_Nickel_V_c.fit
58672.478669	0.01389	15.015	15.004	15.026	19.39652	V	m15_data/M15-3_20190708_112917_d214_Nickel_V_c.fit
58672.297512	0.125	14.966	14.961	14.971	19.46131	V	m15_data/M15-3_20190708_070825_d167_Nickel_V_c.fit
58672.296366	0.04167	15.019	15.012	15.026	18.92533	V	m15_data/M15-3_20190708_070646_d166_Nickel_V_c.fit
58672.295498	0.01389	15.023	15.011	15.035	18.09988	V	m15_data/M15-3_20190708_070531_d165_Nickel_V_c.fit
58664.407257	0.125	15.023	15.015	15.031	19.02744	V	m15_data/M15-3_20190630_094627_d194_Nickel_V_c.fit
58664.406181	0.04167	15.061	15.04	15.082	17.46056	V	m15_data/M15-3_20190630_094454_d193_Nickel_V_c.fit
58664.405428	0.01389	14.993	14.958	15.028	16.91933	V	m15_data/M15-3_20190630_094349_d192_Nickel_V_c.fit
58658.395012	0.125	15.02	15.014	15.026	20.52906	V	m15_data/M15-3_20190624_092849_d136_Nickel_V_c.fit
58658.393553	0.04167	15.026	15.018	15.034	19.98619	V	m15_data/M15-3_20190624_092643_d135_Nickel_V_c.fit
58658.392917	0.01389	15.02	15.009	15.031	19.07179	V	m15_data/M15-3_20190624_092548_d134_Nickel_V_c.fit
58653.407963	0.125	14.999	14.991	15.007	20.51391	V	m15_data/M15-3_20190619_094728_d178_Nickel_V_c.fit
58653.406748	0.04167	14.998	14.989	15.007	19.93866	V	m15_data/M15-3_20190619_094543_d177_Nickel_V_c.fit
58653.406111	0.01389	14.988	14.979	14.997	19.24332	V	m15_data/M15-3_20190619_094448_d176_Nickel_V_c.fit
