;; MJD	etburst	mag	-emag	+emag	limmag	filter	imagename
59058.472697	0.125	16.019	16.009	16.029	20.55946	V	m15_data/M15-3_20200728_112041_d231_Nickel_V_c.fit
59058.47162	0.04167	15.964	15.95	15.978	20.09788	V	m15_data/M15-3_20200728_111908_d230_Nickel_V_c.fit
59058.470567	0.01389	15.994	15.976	16.012	19.178	V	m15_data/M15-3_20200728_111737_d229_Nickel_V_c.fit
59058.440949	0.125	15.879	15.87	15.888	21.10267	V	m15_data/M15-3_20200728_103458_d211_Nickel_V_c.fit
59058.439861	0.04167	15.867	15.857	15.877	20.39103	V	m15_data/M15-3_20200728_103324_d210_Nickel_V_c.fit
59058.439248	0.01389	15.89	15.877	15.903	19.84196	V	m15_data/M15-3_20200728_103231_d209_Nickel_V_c.fit
59058.403495	0.125	15.818	15.81	15.826	21.09777	V	m15_data/M15-3_20200728_094102_d195_Nickel_V_c.fit
59058.402361	0.04167	15.812	15.802	15.822	20.23794	V	m15_data/M15-3_20200728_093924_d194_Nickel_V_c.fit
59058.401586	0.01389	15.82	15.807	15.833	19.40902	V	m15_data/M15-3_20200728_093817_d193_Nickel_V_c.fit
59058.369572	0.125	15.745	15.737	15.753	21.33054	V	m15_data/M15-3_20200728_085211_d179_Nickel_V_c.fit
59058.368438	0.04167	15.742	15.732	15.752	20.66667	V	m15_data/M15-3_20200728_085033_d178_Nickel_V_c.fit
59058.36772	0.01389	15.721	15.706	15.736	19.98488	V	m15_data/M15-3_20200728_084931_d177_Nickel_V_c.fit
59058.350093	0.125	15.703	15.696	15.71	21.232	V	m15_data/M15-3_20200728_082408_d167_Nickel_V_c.fit
59058.348912	0.04167	15.691	15.682	15.7	20.54425	V	m15_data/M15-3_20200728_082226_d166_Nickel_V_c.fit
59058.348218	0.01389	15.701	15.688	15.714	19.81756	V	m15_data/M15-3_20200728_082126_d165_Nickel_V_c.fit
59058.331053	0.125	15.65	15.643	15.657	20.95772	V	m15_data/M15-3_20200728_075643_d155_Nickel_V_c.fit
59058.329954	0.04167	15.634	15.625	15.643	20.38532	V	m15_data/M15-3_20200728_075508_d154_Nickel_V_c.fit
59058.329271	0.01389	15.617	15.601	15.633	19.37193	V	m15_data/M15-3_20200728_075409_d153_Nickel_V_c.fit
59054.424525	0.125	15.864	15.857	15.871	20.81904	V	m15_data/M15-3_20200724_101119_d204_Nickel_V_c.fit
59054.423426	0.04167	15.855	15.846	15.864	20.16789	V	m15_data/M15-3_20200724_100944_d203_Nickel_V_c.fit
59054.422778	0.01389	15.831	15.814	15.848	19.25769	V	m15_data/M15-3_20200724_100848_d202_Nickel_V_c.fit
59054.349282	0.125	15.692	15.685	15.699	20.7469	V	m15_data/M15-3_20200724_082258_d172_Nickel_V_c.fit
59054.348032	0.04167	15.688	15.679	15.697	20.03424	V	m15_data/M15-3_20200724_082110_d171_Nickel_V_c.fit
59054.347361	0.01389	15.678	15.663	15.693	19.21168	V	m15_data/M15-3_20200724_082012_d170_Nickel_V_c.fit
59051.336505	0.125	16.165	16.153	16.177	20.92444	V	m15_data/M15-3_20200721_080434_d153_Nickel_V_c.fit
59051.335139	0.04167	16.129	16.116	16.142	20.32194	V	m15_data/M15-3_20200721_080236_d152_Nickel_V_c.fit
59051.334016	0.01389	16.122	16.103	16.141	19.42646	V	m15_data/M15-3_20200721_080059_d151_Nickel_V_c.fit
59043.364271	0.125	16.134	16.124	16.144	20.81349	V	m15_data/M15-3_20200713_084433_d188_Nickel_V_c.fit
59043.362928	0.04167	16.128	16.116	16.14	20.24039	V	m15_data/M15-3_20200713_084237_d187_Nickel_V_c.fit
59043.360903	0.01389	16.163	16.145	16.181	19.2963	V	m15_data/M15-3_20200713_083942_d186_Nickel_V_c.fit
59039.414838	0.125	16.107	16.098	16.116	20.52254	V	m15_data/M15-3_20200709_095722_d176_Nickel_V_c.fit
59039.413681	0.04167	16.116	16.104	16.128	19.65123	V	m15_data/M15-3_20200709_095542_d175_Nickel_V_c.fit
59039.412963	0.01389	16.116	16.095	16.137	19.2226	V	m15_data/M15-3_20200709_095440_d174_Nickel_V_c.fit
59030.461088	0.04167	16.276	16.263	16.289	20.44038	B	m15_data/M15-3_20200630_110358_d190_Nickel_B_c.fit
59030.458495	0.125	15.864	15.853	15.875	21.09893	V	m15_data/M15-3_20200630_110014_d189_Nickel_V_c.fit
59030.45735	0.04167	15.858	15.845	15.871	20.27174	V	m15_data/M15-3_20200630_105835_d188_Nickel_V_c.fit
59030.456725	0.01389	15.847	15.831	15.863	19.79281	V	m15_data/M15-3_20200630_105741_d187_Nickel_V_c.fit
59026.461447	0.125	15.871	15.863	15.879	20.80157	V	m15_data/M15-3_20200626_110429_d160_Nickel_V_c.fit
59026.46	0.04167	15.905	15.893	15.917	20.12271	V	m15_data/M15-3_20200626_110224_d159_Nickel_V_c.fit
59026.458831	0.01389	15.87	15.854	15.886	19.37292	V	m15_data/M15-3_20200626_110043_d158_Nickel_V_c.fit
59022.401782	0.125	15.747	15.74	15.754	20.77238	V	m15_data/M15-3_20200622_093834_d139_Nickel_V_c.fit
59022.400046	0.04167	15.743	15.733	15.753	20.15082	V	m15_data/M15-3_20200622_093604_d138_Nickel_V_c.fit
59022.398819	0.01389	15.725	15.712	15.738	19.30762	V	m15_data/M15-3_20200622_093418_d137_Nickel_V_c.fit
59018.443229	0.125	15.868	15.859	15.877	20.55267	V	m15_data/M15-3_20200618_103815_d200_Nickel_V_c.fit
59018.442153	0.04167	15.818	15.808	15.828	19.95194	V	m15_data/M15-3_20200618_103642_d199_Nickel_V_c.fit
59018.441389	0.01389	15.822	15.805	15.839	19.18314	V	m15_data/M15-3_20200618_103536_d198_Nickel_V_c.fit
59010.443333	0.125	15.763	15.754	15.772	20.84169	V	m15_data/M15-3_20200610_103824_d181_Nickel_V_c.fit
59010.442095	0.04167	15.771	15.76	15.782	20.19061	V	m15_data/M15-3_20200610_103637_d180_Nickel_V_c.fit
59010.439167	0.01389	15.74	15.726	15.754	19.20921	V	m15_data/M15-3_20200610_103224_d179_Nickel_V_c.fit
58994.479502	0.04167	15.526	15.513	15.539	20.66826	R	m15_data/M15-3_20200525_113029_d178_Nickel_R_c.fit
58994.476736	0.125	15.813	15.804	15.822	21.27681	V	m15_data/M15-3_20200525_112630_d177_Nickel_V_c.fit
58994.475069	0.04167	15.807	15.798	15.816	20.54041	V	m15_data/M15-3_20200525_112406_d176_Nickel_V_c.fit
58994.474306	0.01389	15.803	15.789	15.817	19.85485	V	m15_data/M15-3_20200525_112300_d175_Nickel_V_c.fit
58994.471597	0.125	16.201	16.19	16.212	21.39275	B	m15_data/M15-3_20200525_111906_d174_Nickel_B_c.fit
58994.470278	0.04167	16.189	16.176	16.202	20.64717	B	m15_data/M15-3_20200525_111712_d173_Nickel_B_c.fit
58994.469583	0.01389	16.197	16.175	16.219	19.56297	B	m15_data/M15-3_20200525_111612_d172_Nickel_B_c.fit
58990.494352	0.125	15.904	15.893	15.915	19.90446	V	m15_data/M15-3_20200521_115152_d205_Nickel_V_c.fit
58990.493275	0.04167	15.855	15.843	15.867	19.4797	V	m15_data/M15-3_20200521_115019_d204_Nickel_V_c.fit
58990.492639	0.01389	15.878	15.861	15.895	18.87229	V	m15_data/M15-3_20200521_114924_d203_Nickel_V_c.fit
58856.102153	0.04167	16.306	16.281	16.331	18.43389	V	m15_data/M15-3_20200108_022706_d138_Nickel_V_c.fit
58856.10147	0.01389	17.648	17.452	17.844	17.43314	V	m15_data/M15-3_20200108_022607_d137_Nickel_V_c.fit
58805.188588	0.125	15.454	15.446	15.462	20.41838	V	m15_data/M15-3_20191118_043134_d166_Nickel_V_c.fit
58805.187431	0.04167	15.416	15.408	15.424	19.78489	V	m15_data/M15-3_20191118_042954_d165_Nickel_V_c.fit
58805.186377	0.01389	15.402	15.39	15.414	19.0715	V	m15_data/M15-3_20191118_042823_d164_Nickel_V_c.fit
58805.097928	0.125	15.981	15.971	15.991	20.86731	V	m15_data/M15-3_20191118_022101_d138_Nickel_V_c.fit
58805.09669	0.04167	16.03	16.019	16.041	20.26345	V	m15_data/M15-3_20191118_021914_d137_Nickel_V_c.fit
58805.09581	0.01389	16.039	16.022	16.056	19.5651	V	m15_data/M15-3_20191118_021758_d136_Nickel_V_c.fit
58794.144201	0.125	16.028	16.017	16.039	20.49186	V	m15_data/M15-3_20191107_032739_d141_Nickel_V_c.fit
58794.143009	0.04167	16.015	16.005	16.025	19.83829	V	m15_data/M15-3_20191107_032556_d140_Nickel_V_c.fit
58794.142176	0.01389	16.053	16.037	16.069	19.38338	V	m15_data/M15-3_20191107_032444_d139_Nickel_V_c.fit
58792.13934	0.125	16.055	16.045	16.065	20.75108	V	m15_data/M15-3_20191105_032039_d153_Nickel_V_c.fit
58792.137894	0.04167	16.047	16.034	16.06	19.94257	V	m15_data/M15-3_20191105_031834_d152_Nickel_V_c.fit
58792.137164	0.01389	16.029	16.012	16.046	19.16177	V	m15_data/M15-3_20191105_031731_d151_Nickel_V_c.fit
58789.286123	0.125	15.692	15.684	15.7	20.40844	V	m15_data/M15-3_20191102_065201_d173_Nickel_V_c.fit
58789.284931	0.04167	15.698	15.688	15.708	19.80567	V	m15_data/M15-3_20191102_065018_d172_Nickel_V_c.fit
58789.284282	0.01389	15.707	15.692	15.722	19.13966	V	m15_data/M15-3_20191102_064922_d171_Nickel_V_c.fit
58789.189306	0.125	15.375	15.369	15.381	21.02581	V	m15_data/M15-3_20191102_043236_d153_Nickel_V_c.fit
58789.188079	0.04167	15.361	15.353	15.369	20.12138	V	m15_data/M15-3_20191102_043050_d152_Nickel_V_c.fit
58789.186678	0.01389	15.351	15.341	15.361	19.67982	V	m15_data/M15-3_20191102_042849_d151_Nickel_V_c.fit
58788.16772	0.125	16.15	16.14	16.16	20.5952	V	m15_data/M15-3_20191101_040131_d160_Nickel_V_c.fit
58788.166632	0.04167	16.116	16.104	16.128	19.91472	V	m15_data/M15-3_20191101_035957_d159_Nickel_V_c.fit
58788.166007	0.01389	16.128	16.109	16.147	19.2052	V	m15_data/M15-3_20191101_035903_d158_Nickel_V_c.fit
58779.252894	0.08333	15.59	15.581	15.599	20.20812	V	m15_data/M15-3_20191023_060410_d143_Nickel_V_c.fit
58779.251296	0.04167	15.604	15.592	15.616	19.78747	V	m15_data/M15-3_20191023_060152_d142_Nickel_V_c.fit
58779.250451	0.01389	15.539	15.526	15.552	19.01341	V	m15_data/M15-3_20191023_060039_d141_Nickel_V_c.fit
58775.267731	0.125	15.599	15.592	15.606	20.19722	V	m15_data/M15-3_20191019_062532_d148_Nickel_V_c.fit
58775.26625	0.04167	15.563	15.553	15.573	19.80172	V	m15_data/M15-3_20191019_062324_d147_Nickel_V_c.fit
58775.263218	0.01389	15.562	15.546	15.578	18.84121	V	m15_data/M15-3_20191019_061902_d146_Nickel_V_c.fit
58769.350845	0.125	15.752	15.743	15.761	19.45082	V	m15_data/M15-3_20191013_082513_d309_Nickel_V_c.fit
58769.348634	0.04167	15.75	15.737	15.763	19.07136	V	m15_data/M15-3_20191013_082202_d308_Nickel_V_c.fit
58769.347894	0.01389	15.731	15.712	15.75	18.50134	V	m15_data/M15-3_20191013_082058_d307_Nickel_V_c.fit
58768.312442	0.125	16.14	16.129	16.151	19.64247	V	m15_data/M15-3_20191012_072955_d184_Nickel_V_c.fit
58768.311019	0.04167	16.135	16.12	16.15	19.06512	V	m15_data/M15-3_20191012_072752_d183_Nickel_V_c.fit
58768.310255	0.01389	16.167	16.142	16.192	18.46737	V	m15_data/M15-3_20191012_072646_d182_Nickel_V_c.fit
58763.225799	0.125	15.356	15.318	15.394	17.06833	V	m15_data/M15-3_20191007_052509_d145_Nickel_V_c.fit
58763.222731	0.04167	15.644	15.494	15.794	15.6853	V	m15_data/M15-3_20191007_052044_d144_Nickel_V_c.fit
58763.221968	0.01389	15.358	15.34	15.376	18.00831	V	m15_data/M15-3_20191007_051938_d143_Nickel_V_c.fit
58759.220556	0.125	15.372	15.365	15.379	20.75044	V	m15_data/M15-3_20191003_051736_d145_Nickel_V_c.fit
58759.219468	0.04167	15.353	15.345	15.361	20.15551	V	m15_data/M15-3_20191003_051602_d144_Nickel_V_c.fit
58759.21875	0.01389	15.354	15.343	15.365	19.45579	V	m15_data/M15-3_20191003_051500_d143_Nickel_V_c.fit
58751.220509	0.125	15.327	15.321	15.333	21.11832	V	m15_data/M15-3_20190925_051732_d153_Nickel_V_c.fit
58751.21941	0.04167	15.322	15.316	15.328	20.4686	V	m15_data/M15-3_20190925_051557_d152_Nickel_V_c.fit
58751.218623	0.01389	15.299	15.29	15.308	19.6042	V	m15_data/M15-3_20190925_051449_d151_Nickel_V_c.fit
58746.383611	0.125	16.318	16.292	16.344	19.28133	V	m15_data/M15-3_20190920_091224_d136_Nickel_V_c.fit
58746.382604	0.04167	16.296	16.255	16.337	18.16266	V	m15_data/M15-3_20190920_091057_d135_Nickel_V_c.fit
58746.382153	0.01389	16.293	16.219	16.367	17.12147	V	m15_data/M15-3_20190920_091018_d134_Nickel_V_c.fit
58738.259109	0.125	16.1	16.09	16.11	19.94438	V	m15_data/M15-3_20190912_061307_d165_Nickel_V_c.fit
58738.257986	0.04167	16.111	16.098	16.124	19.42759	V	m15_data/M15-3_20190912_061130_d164_Nickel_V_c.fit
58738.256007	0.01389	16.141	16.119	16.163	18.67575	V	m15_data/M15-3_20190912_060839_d163_Nickel_V_c.fit
58735.30581	0.125	15.669	15.659	15.679	19.93963	V	m15_data/M15-3_20190909_072022_d161_Nickel_V_c.fit
58735.304722	0.04167	15.655	15.643	15.667	19.29306	V	m15_data/M15-3_20190909_071848_d160_Nickel_V_c.fit
58735.304051	0.01389	15.613	15.596	15.63	18.71903	V	m15_data/M15-3_20190909_071750_d159_Nickel_V_c.fit
58731.370938	0.125	15.715	15.706	15.724	20.99291	V	m15_data/M15-3_20190905_085409_d193_Nickel_V_c.fit
58731.36985	0.04167	15.716	15.704	15.728	20.37556	V	m15_data/M15-3_20190905_085235_d192_Nickel_V_c.fit
58731.369167	0.01389	15.691	15.677	15.705	19.70213	V	m15_data/M15-3_20190905_085136_d191_Nickel_V_c.fit
58731.183519	0.01389	15.744	15.73	15.758	19.58912	V	m15_data/M15-3_20190905_042416_d134_Nickel_V_c.fit
58731.181806	0.04167	15.762	15.752	15.772	20.23719	V	m15_data/M15-3_20190905_042148_d133_Nickel_V_c.fit
58731.179213	0.125	15.797	15.788	15.806	21.00578	V	m15_data/M15-3_20190905_041804_d132_Nickel_V_c.fit
58728.190336	0.08333	16.039	16.029	16.049	20.71734	V	m15_data/M15-3_20190902_043405_d161_Nickel_V_c.fit
58728.189259	0.04167	16.022	16.01	16.034	20.159	V	m15_data/M15-3_20190902_043232_d160_Nickel_V_c.fit
58728.188079	0.01389	16.036	16.02	16.052	19.30881	V	m15_data/M15-3_20190902_043050_d159_Nickel_V_c.fit
58724.250938	0.125	16.28	16.265	16.295	20.61876	V	m15_data/M15-3_20190829_060121_d162_Nickel_V_c.fit
58724.249861	0.04167	16.248	16.231	16.265	19.9677	V	m15_data/M15-3_20190829_055948_d161_Nickel_V_c.fit
58724.249236	0.01389	16.152	16.134	16.17	19.30802	V	m15_data/M15-3_20190829_055854_d160_Nickel_V_c.fit
58721.312535	0.125	15.556	15.548	15.564	20.83609	V	m15_data/M15-3_20190826_073003_d155_Nickel_V_c.fit
58721.310417	0.04167	15.545	15.535	15.555	20.25626	V	m15_data/M15-3_20190826_072700_d154_Nickel_V_c.fit
58721.309653	0.01389	15.543	15.527	15.559	19.53456	V	m15_data/M15-3_20190826_072554_d153_Nickel_V_c.fit
58713.33816	0.04167	15.698	15.684	15.712	19.31304	V	m15_data/M15-3_20190818_080657_d157_Nickel_V_c.fit
58713.335475	0.125	15.715	15.703	15.727	19.81673	V	m15_data/M15-3_20190818_080305_d156_Nickel_V_c.fit
58713.3189	0.01389	15.769	15.739	15.799	17.95588	V	m15_data/M15-3_20190818_073913_d155_Nickel_V_c.fit
58713.317604	0.01389	15.684	15.666	15.702	18.662	V	m15_data/M15-3_20190818_073721_d154_Nickel_V_c.fit
58708.300914	0.125	16.278	16.262	16.294	19.83597	V	m15_data/M15-3_20190813_071319_d166_Nickel_V_c.fit
58708.299375	0.04167	16.273	16.256	16.29	19.36477	V	m15_data/M15-3_20190813_071106_d165_Nickel_V_c.fit
58708.298194	0.01389	16.16	16.136	16.184	18.67028	V	m15_data/M15-3_20190813_070924_d164_Nickel_V_c.fit
58697.342234	0.125	15.986	15.961	16.011	19.94709	V	m15_data/M15-3_20190802_081249_d165_Nickel_V_c.fit
58697.340486	0.04167	16.162	16.124	16.2	19.22785	V	m15_data/M15-3_20190802_081018_d164_Nickel_V_c.fit
58697.339537	0.01389	15.981	15.95	16.012	18.42103	V	m15_data/M15-3_20190802_080856_d163_Nickel_V_c.fit
58694.362384	0.125	16.316	16.301	16.331	20.61421	V	m15_data/M15-3_20190730_084150_d144_Nickel_V_c.fit
58694.361204	0.04167	16.338	16.319	16.357	19.91911	V	m15_data/M15-3_20190730_084008_d143_Nickel_V_c.fit
58694.360428	0.01389	16.375	16.345	16.405	18.82509	V	m15_data/M15-3_20190730_083901_d142_Nickel_V_c.fit
58690.323958	0.125	16.123	16.114	16.132	20.82417	V	m15_data/M15-3_20190726_074630_d172_Nickel_V_c.fit
58690.322326	0.04167	16.12	16.108	16.132	20.26241	V	m15_data/M15-3_20190726_074409_d171_Nickel_V_c.fit
58690.321586	0.01389	16.128	16.111	16.145	19.44719	V	m15_data/M15-3_20190726_074305_d170_Nickel_V_c.fit
58683.323785	0.125	15.408	15.4	15.416	20.13184	V	m15_data/M15-3_20190719_074615_d149_Nickel_V_c.fit
58683.322581	0.04167	15.415	15.406	15.424	19.47144	V	m15_data/M15-3_20190719_074431_d148_Nickel_V_c.fit
58683.321921	0.01389	15.398	15.386	15.41	18.89424	V	m15_data/M15-3_20190719_074334_d147_Nickel_V_c.fit
58676.379977	0.125	16.18	16.171	16.189	20.7461	V	m15_data/M15-3_20190712_090710_d167_Nickel_V_c.fit
58676.378542	0.04167	16.14	16.123	16.157	20.5775	V	m15_data/M15-3_20190712_090506_d166_Nickel_V_c.fit
58676.377743	0.01389	16.13	16.113	16.147	19.60765	V	m15_data/M15-3_20190712_090357_d165_Nickel_V_c.fit
58672.480799	0.125	16.192	16.182	16.202	20.75858	V	m15_data/M15-3_20190708_113221_d216_Nickel_V_c.fit
58672.479282	0.04167	16.201	16.189	16.213	20.12492	V	m15_data/M15-3_20190708_113010_d215_Nickel_V_c.fit
58672.478669	0.01389	16.15	16.133	16.167	19.3954	V	m15_data/M15-3_20190708_112917_d214_Nickel_V_c.fit
58672.297512	0.125	16.501	16.479	16.523	19.41419	V	m15_data/M15-3_20190708_070825_d167_Nickel_V_c.fit
58672.296366	0.04167	17.539	17.409	17.669	18.89428	V	m15_data/M15-3_20190708_070646_d166_Nickel_V_c.fit
58672.295498	0.01389	17.375	17.253	17.497	18.09492	V	m15_data/M15-3_20190708_070531_d165_Nickel_V_c.fit
58664.407257	0.125	16.344	16.321	16.367	19.02719	V	m15_data/M15-3_20190630_094627_d194_Nickel_V_c.fit
58664.406181	0.04167	16.454	16.39	16.518	17.46218	V	m15_data/M15-3_20190630_094454_d193_Nickel_V_c.fit
58664.405428	0.01389	16.494	16.375	16.613	16.92358	V	m15_data/M15-3_20190630_094349_d192_Nickel_V_c.fit
58658.395012	0.125	16.13	16.121	16.139	20.52881	V	m15_data/M15-3_20190624_092849_d136_Nickel_V_c.fit
58658.393553	0.04167	16.128	16.117	16.139	19.97704	V	m15_data/M15-3_20190624_092643_d135_Nickel_V_c.fit
58658.392917	0.01389	16.136	16.117	16.155	19.07529	V	m15_data/M15-3_20190624_092548_d134_Nickel_V_c.fit
58653.407963	0.125	15.597	15.587	15.607	20.51479	V	m15_data/M15-3_20190619_094728_d178_Nickel_V_c.fit
58653.406748	0.04167	15.589	15.578	15.6	19.93941	V	m15_data/M15-3_20190619_094543_d177_Nickel_V_c.fit
58653.406111	0.01389	15.582	15.568	15.596	19.2437	V	m15_data/M15-3_20190619_094448_d176_Nickel_V_c.fit
