;; MJD	etburst	mag	-emag	+emag	limmag	filter	imagename
59058.47162	0.04167	15.518	15.47	15.566	20.09788	V	m15_data/M15-3_20200728_111908_d230_Nickel_V_c.fit
59058.440949	0.125	15.602	15.55	15.654	21.10267	V	m15_data/M15-3_20200728_103458_d211_Nickel_V_c.fit
59058.439861	0.04167	15.624	15.572	15.676	20.39103	V	m15_data/M15-3_20200728_103324_d210_Nickel_V_c.fit
59058.439248	0.01389	15.695	15.654	15.736	19.84196	V	m15_data/M15-3_20200728_103231_d209_Nickel_V_c.fit
59058.403495	0.125	15.684	15.617	15.751	21.09777	V	m15_data/M15-3_20200728_094102_d195_Nickel_V_c.fit
59058.401586	0.01389	15.649	15.565	15.733	19.40902	V	m15_data/M15-3_20200728_093817_d193_Nickel_V_c.fit
59058.369572	0.125	16.009	15.983	16.035	21.33054	V	m15_data/M15-3_20200728_085211_d179_Nickel_V_c.fit
59058.368438	0.04167	15.974	15.937	16.011	20.66667	V	m15_data/M15-3_20200728_085033_d178_Nickel_V_c.fit
59058.36772	0.01389	16.011	15.983	16.039	19.98488	V	m15_data/M15-3_20200728_084931_d177_Nickel_V_c.fit
59058.350093	0.125	15.997	15.951	16.043	21.232	V	m15_data/M15-3_20200728_082408_d167_Nickel_V_c.fit
59058.348912	0.04167	16.022	15.982	16.062	20.54425	V	m15_data/M15-3_20200728_082226_d166_Nickel_V_c.fit
59058.348218	0.01389	16.043	16.006	16.08	19.81756	V	m15_data/M15-3_20200728_082126_d165_Nickel_V_c.fit
59058.331053	0.125	15.962	15.902	16.022	20.95772	V	m15_data/M15-3_20200728_075643_d155_Nickel_V_c.fit
59058.329954	0.04167	16.044	15.995	16.093	20.38532	V	m15_data/M15-3_20200728_075508_d154_Nickel_V_c.fit
59058.329271	0.01389	15.937	15.819	16.055	19.37193	V	m15_data/M15-3_20200728_075409_d153_Nickel_V_c.fit
59051.335139	0.04167	15.994	15.913	16.075	20.32194	V	m15_data/M15-3_20200721_080236_d152_Nickel_V_c.fit
59051.334016	0.01389	16.461	16.361	16.561	19.42646	V	m15_data/M15-3_20200721_080059_d151_Nickel_V_c.fit
59043.364271	0.125	15.648	15.573	15.723	20.81349	V	m15_data/M15-3_20200713_084433_d188_Nickel_V_c.fit
59043.362928	0.04167	15.726	15.674	15.778	20.24039	V	m15_data/M15-3_20200713_084237_d187_Nickel_V_c.fit
59043.360903	0.01389	15.705	15.625	15.785	19.2963	V	m15_data/M15-3_20200713_083942_d186_Nickel_V_c.fit
59039.414838	0.125	15.628	15.583	15.673	20.52254	V	m15_data/M15-3_20200709_095722_d176_Nickel_V_c.fit
59039.412963	0.01389	15.686	15.642	15.73	19.2226	V	m15_data/M15-3_20200709_095440_d174_Nickel_V_c.fit
59030.461088	0.04167	16.337	16.308	16.366	20.44038	B	m15_data/M15-3_20200630_110358_d190_Nickel_B_c.fit
59030.458495	0.125	15.905	15.861	15.949	21.09893	V	m15_data/M15-3_20200630_110014_d189_Nickel_V_c.fit
59030.45735	0.04167	15.917	15.871	15.963	20.27174	V	m15_data/M15-3_20200630_105835_d188_Nickel_V_c.fit
59030.456725	0.01389	15.908	15.885	15.931	19.79281	V	m15_data/M15-3_20200630_105741_d187_Nickel_V_c.fit
59026.46	0.04167	15.106	14.938	15.274	20.12271	V	m15_data/M15-3_20200626_110224_d159_Nickel_V_c.fit
59026.458831	0.01389	15.604	15.541	15.667	19.37292	V	m15_data/M15-3_20200626_110043_d158_Nickel_V_c.fit
59022.401782	0.125	14.623	14.61	14.636	20.77238	V	m15_data/M15-3_20200622_093834_d139_Nickel_V_c.fit
59018.443229	0.125	14.642	14.63	14.654	20.55267	V	m15_data/M15-3_20200618_103815_d200_Nickel_V_c.fit
59018.442153	0.04167	14.638	14.627	14.649	19.95194	V	m15_data/M15-3_20200618_103642_d199_Nickel_V_c.fit
59010.443333	0.125	15.714	15.693	15.735	20.84169	V	m15_data/M15-3_20200610_103824_d181_Nickel_V_c.fit
59010.442095	0.04167	15.721	15.698	15.744	20.19061	V	m15_data/M15-3_20200610_103637_d180_Nickel_V_c.fit
59010.439167	0.01389	15.664	15.622	15.706	19.20921	V	m15_data/M15-3_20200610_103224_d179_Nickel_V_c.fit
58994.479502	0.04167	15.603	15.583	15.623	20.66826	R	m15_data/M15-3_20200525_113029_d178_Nickel_R_c.fit
58994.476736	0.125	15.881	15.861	15.901	21.27681	V	m15_data/M15-3_20200525_112630_d177_Nickel_V_c.fit
58994.475069	0.04167	15.883	15.863	15.903	20.54041	V	m15_data/M15-3_20200525_112406_d176_Nickel_V_c.fit
58994.474306	0.01389	15.865	15.845	15.885	19.85485	V	m15_data/M15-3_20200525_112300_d175_Nickel_V_c.fit
58994.471597	0.125	16.217	16.199	16.235	21.39275	B	m15_data/M15-3_20200525_111906_d174_Nickel_B_c.fit
58994.470278	0.04167	16.229	16.209	16.249	20.64717	B	m15_data/M15-3_20200525_111712_d173_Nickel_B_c.fit
58994.469583	0.01389	16.223	16.198	16.248	19.56297	B	m15_data/M15-3_20200525_111612_d172_Nickel_B_c.fit
58990.494352	0.125	14.598	14.584	14.612	19.90446	V	m15_data/M15-3_20200521_115152_d205_Nickel_V_c.fit
58990.492639	0.01389	15.55	15.462	15.638	18.87229	V	m15_data/M15-3_20200521_114924_d203_Nickel_V_c.fit
58856.102153	0.04167	14.619	14.606	14.632	18.43389	V	m15_data/M15-3_20200108_022706_d138_Nickel_V_c.fit
58856.10147	0.01389	14.584	14.57	14.598	17.43314	V	m15_data/M15-3_20200108_022607_d137_Nickel_V_c.fit
58805.188588	0.125	14.592	14.579	14.605	20.41838	V	m15_data/M15-3_20191118_043134_d166_Nickel_V_c.fit
58805.187431	0.04167	14.583	14.569	14.597	19.78489	V	m15_data/M15-3_20191118_042954_d165_Nickel_V_c.fit
58805.097928	0.125	15.717	15.658	15.776	20.86731	V	m15_data/M15-3_20191118_022101_d138_Nickel_V_c.fit
58805.09669	0.04167	15.757	15.709	15.805	20.26345	V	m15_data/M15-3_20191118_021914_d137_Nickel_V_c.fit
58805.09581	0.01389	15.806	15.772	15.84	19.5651	V	m15_data/M15-3_20191118_021758_d136_Nickel_V_c.fit
58794.144201	0.125	15.641	15.593	15.689	20.49186	V	m15_data/M15-3_20191107_032739_d141_Nickel_V_c.fit
58794.143009	0.04167	15.679	15.635	15.723	19.83829	V	m15_data/M15-3_20191107_032556_d140_Nickel_V_c.fit
58794.142176	0.01389	15.714	15.686	15.742	19.38338	V	m15_data/M15-3_20191107_032444_d139_Nickel_V_c.fit
58792.13934	0.125	16.091	16.053	16.129	20.75108	V	m15_data/M15-3_20191105_032039_d153_Nickel_V_c.fit
58792.137894	0.04167	16.143	16.067	16.219	19.94257	V	m15_data/M15-3_20191105_031834_d152_Nickel_V_c.fit
58792.137164	0.01389	16.153	16.078	16.228	19.16177	V	m15_data/M15-3_20191105_031731_d151_Nickel_V_c.fit
58789.284282	0.01389	15.952	15.9	16.004	19.13966	V	m15_data/M15-3_20191102_064922_d171_Nickel_V_c.fit
58789.189306	0.125	15.751	15.722	15.78	21.02581	V	m15_data/M15-3_20191102_043236_d153_Nickel_V_c.fit
58789.188079	0.04167	15.674	15.628	15.72	20.12138	V	m15_data/M15-3_20191102_043050_d152_Nickel_V_c.fit
58789.186678	0.01389	15.76	15.736	15.784	19.68069	V	m15_data/M15-3_20191102_042849_d151_Nickel_V_c.fit
58788.166632	0.04167	14.637	14.626	14.648	19.91472	V	m15_data/M15-3_20191101_035957_d159_Nickel_V_c.fit
58769.350845	0.125	16.025	15.979	16.071	19.45082	V	m15_data/M15-3_20191013_082513_d309_Nickel_V_c.fit
58769.348634	0.04167	16.032	16.0	16.064	19.07136	V	m15_data/M15-3_20191013_082202_d308_Nickel_V_c.fit
58769.347894	0.01389	16.011	15.979	16.043	18.50134	V	m15_data/M15-3_20191013_082058_d307_Nickel_V_c.fit
58763.225799	0.125	15.964	15.896	16.032	17.06983	V	m15_data/M15-3_20191007_052509_d145_Nickel_V_c.fit
58763.222731	0.04167	16.049	15.791	16.307	15.6853	V	m15_data/M15-3_20191007_052044_d144_Nickel_V_c.fit
58759.220556	0.125	14.663	14.65	14.676	20.75044	V	m15_data/M15-3_20191003_051736_d145_Nickel_V_c.fit
58751.220509	0.125	15.615	15.563	15.667	21.11832	V	m15_data/M15-3_20190925_051732_d153_Nickel_V_c.fit
58751.21941	0.04167	15.638	15.59	15.686	20.4686	V	m15_data/M15-3_20190925_051557_d152_Nickel_V_c.fit
58751.218623	0.01389	15.617	15.556	15.678	19.6042	V	m15_data/M15-3_20190925_051449_d151_Nickel_V_c.fit
58746.383611	0.125	14.662	14.645	14.679	19.28133	V	m15_data/M15-3_20190920_091224_d136_Nickel_V_c.fit
58746.382604	0.04167	14.615	14.601	14.629	18.15841	V	m15_data/M15-3_20190920_091057_d135_Nickel_V_c.fit
58746.382153	0.01389	14.643	14.618	14.668	17.11397	V	m15_data/M15-3_20190920_091018_d134_Nickel_V_c.fit
58738.259109	0.125	15.554	15.492	15.616	19.94438	V	m15_data/M15-3_20190912_061307_d165_Nickel_V_c.fit
58738.257986	0.04167	15.61	15.571	15.649	19.42759	V	m15_data/M15-3_20190912_061130_d164_Nickel_V_c.fit
58738.256007	0.01389	15.605	15.526	15.684	18.67575	V	m15_data/M15-3_20190912_060839_d163_Nickel_V_c.fit
58735.30581	0.125	14.678	14.663	14.693	19.93963	V	m15_data/M15-3_20190909_072022_d161_Nickel_V_c.fit
58735.304722	0.04167	14.651	14.634	14.668	19.29306	V	m15_data/M15-3_20190909_071848_d160_Nickel_V_c.fit
58735.304051	0.01389	14.648	14.635	14.661	18.71441	V	m15_data/M15-3_20190909_071750_d159_Nickel_V_c.fit
58731.370938	0.125	15.851	15.825	15.877	20.99291	V	m15_data/M15-3_20190905_085409_d193_Nickel_V_c.fit
58731.36985	0.04167	15.855	15.826	15.884	20.37556	V	m15_data/M15-3_20190905_085235_d192_Nickel_V_c.fit
58731.369167	0.01389	15.839	15.812	15.866	19.70213	V	m15_data/M15-3_20190905_085136_d191_Nickel_V_c.fit
58731.183519	0.01389	15.809	15.764	15.854	19.58912	V	m15_data/M15-3_20190905_042416_d134_Nickel_V_c.fit
58731.181806	0.04167	15.807	15.764	15.85	20.23719	V	m15_data/M15-3_20190905_042148_d133_Nickel_V_c.fit
58731.179213	0.125	15.86	15.824	15.896	21.00578	V	m15_data/M15-3_20190905_041804_d132_Nickel_V_c.fit
58728.190336	0.08333	15.674	15.638	15.71	20.71734	V	m15_data/M15-3_20190902_043405_d161_Nickel_V_c.fit
58728.189259	0.04167	15.58	15.523	15.637	20.159	V	m15_data/M15-3_20190902_043232_d160_Nickel_V_c.fit
58724.249236	0.01389	15.404	15.313	15.495	19.30802	V	m15_data/M15-3_20190829_055854_d160_Nickel_V_c.fit
58721.309653	0.01389	15.831	15.714	15.948	19.53456	V	m15_data/M15-3_20190826_072554_d153_Nickel_V_c.fit
58713.33816	0.04167	14.647	14.628	14.666	19.31304	V	m15_data/M15-3_20190818_080657_d157_Nickel_V_c.fit
58713.335475	0.125	14.628	14.612	14.644	19.81673	V	m15_data/M15-3_20190818_080305_d156_Nickel_V_c.fit
58713.3189	0.01389	14.498	14.486	14.51	17.95563	V	m15_data/M15-3_20190818_073913_d155_Nickel_V_c.fit
58713.317604	0.01389	15.266	15.191	15.341	18.662	V	m15_data/M15-3_20190818_073721_d154_Nickel_V_c.fit
58708.300914	0.125	14.672	14.655	14.689	19.83597	V	m15_data/M15-3_20190813_071319_d166_Nickel_V_c.fit
58708.299375	0.04167	14.671	14.654	14.688	19.36477	V	m15_data/M15-3_20190813_071106_d165_Nickel_V_c.fit
58708.298194	0.01389	14.631	14.617	14.645	18.66503	V	m15_data/M15-3_20190813_070924_d164_Nickel_V_c.fit
58697.342234	0.125	14.66	14.643	14.677	19.94709	V	m15_data/M15-3_20190802_081249_d165_Nickel_V_c.fit
58697.340486	0.04167	14.647	14.63	14.664	19.22785	V	m15_data/M15-3_20190802_081018_d164_Nickel_V_c.fit
58697.339537	0.01389	14.648	14.629	14.667	18.42103	V	m15_data/M15-3_20190802_080856_d163_Nickel_V_c.fit
58694.361204	0.04167	14.649	14.635	14.663	19.91911	V	m15_data/M15-3_20190730_084008_d143_Nickel_V_c.fit
58694.360428	0.01389	14.645	14.63	14.66	18.82509	V	m15_data/M15-3_20190730_083901_d142_Nickel_V_c.fit
58690.322326	0.04167	15.549	15.475	15.623	20.26241	V	m15_data/M15-3_20190726_074409_d171_Nickel_V_c.fit
58690.321586	0.01389	15.503	15.429	15.577	19.44719	V	m15_data/M15-3_20190726_074305_d170_Nickel_V_c.fit
58683.323785	0.125	15.836	15.768	15.904	20.13184	V	m15_data/M15-3_20190719_074615_d149_Nickel_V_c.fit
58683.321921	0.01389	15.861	15.793	15.929	18.89511	V	m15_data/M15-3_20190719_074334_d147_Nickel_V_c.fit
58676.378542	0.04167	16.058	16.003	16.113	20.5775	V	m15_data/M15-3_20190712_090506_d166_Nickel_V_c.fit
58676.377743	0.01389	16.015	15.947	16.083	19.60765	V	m15_data/M15-3_20190712_090357_d165_Nickel_V_c.fit
58672.479282	0.04167	14.629	14.618	14.64	20.12492	V	m15_data/M15-3_20190708_113010_d215_Nickel_V_c.fit
58672.297512	0.125	14.625	14.612	14.638	19.41419	V	m15_data/M15-3_20190708_070825_d167_Nickel_V_c.fit
58672.296366	0.04167	14.608	14.593	14.623	18.89428	V	m15_data/M15-3_20190708_070646_d166_Nickel_V_c.fit
58672.295498	0.01389	14.579	14.565	14.593	18.09392	V	m15_data/M15-3_20190708_070531_d165_Nickel_V_c.fit
58664.407257	0.125	14.625	14.607	14.643	19.02719	V	m15_data/M15-3_20190630_094627_d194_Nickel_V_c.fit
58664.406181	0.04167	14.638	14.617	14.659	17.45518	V	m15_data/M15-3_20190630_094454_d193_Nickel_V_c.fit
58653.407963	0.125	15.829	15.799	15.859	20.51479	V	m15_data/M15-3_20190619_094728_d178_Nickel_V_c.fit
58653.406748	0.04167	15.857	15.826	15.888	19.93941	V	m15_data/M15-3_20190619_094543_d177_Nickel_V_c.fit
58653.406111	0.01389	15.835	15.801	15.869	19.2437	V	m15_data/M15-3_20190619_094448_d176_Nickel_V_c.fit
