;; MJD	etburst	mag	-emag	+emag	limmag	filter	imagename
59058.472697	0.125	13.061	13.046	13.076	20.55946	V	m15_data/M15-3_20200728_112041_d231_Nickel_V_c.fit
59058.47162	0.04167	13.043	13.027	13.059	20.09788	V	m15_data/M15-3_20200728_111908_d230_Nickel_V_c.fit
59058.470567	0.01389	13.026	13.018	13.034	19.17138	V	m15_data/M15-3_20200728_111737_d229_Nickel_V_c.fit
59058.440949	0.125	12.98	12.968	12.992	21.10267	V	m15_data/M15-3_20200728_103458_d211_Nickel_V_c.fit
59058.439861	0.04167	12.945	12.939	12.951	20.38878	V	m15_data/M15-3_20200728_103324_d210_Nickel_V_c.fit
59058.402361	0.04167	12.973	12.967	12.979	20.23257	V	m15_data/M15-3_20200728_093924_d194_Nickel_V_c.fit
59058.401586	0.01389	12.955	12.948	12.962	19.39964	V	m15_data/M15-3_20200728_093817_d193_Nickel_V_c.fit
59058.331053	0.125	12.977	12.969	12.985	20.95772	V	m15_data/M15-3_20200728_075643_d155_Nickel_V_c.fit
59058.329271	0.01389	13.009	12.997	13.021	19.37193	V	m15_data/M15-3_20200728_075409_d153_Nickel_V_c.fit
59054.424525	0.125	13.051	13.037	13.065	20.81904	V	m15_data/M15-3_20200724_101119_d204_Nickel_V_c.fit
59054.423426	0.04167	13.078	13.067	13.089	20.16789	V	m15_data/M15-3_20200724_100944_d203_Nickel_V_c.fit
59054.422778	0.01389	13.053	13.034	13.072	19.25769	V	m15_data/M15-3_20200724_100848_d202_Nickel_V_c.fit
59051.336505	0.125	13.061	13.049	13.073	20.92444	V	m15_data/M15-3_20200721_080434_d153_Nickel_V_c.fit
59051.335139	0.04167	12.981	12.976	12.986	20.31944	V	m15_data/M15-3_20200721_080236_d152_Nickel_V_c.fit
59051.334016	0.01389	13.051	13.033	13.069	19.42646	V	m15_data/M15-3_20200721_080059_d151_Nickel_V_c.fit
59026.461447	0.125	13.079	13.066	13.092	20.80157	V	m15_data/M15-3_20200626_110429_d160_Nickel_V_c.fit
59026.46	0.04167	13.04	13.029	13.051	20.12271	V	m15_data/M15-3_20200626_110224_d159_Nickel_V_c.fit
59026.458831	0.01389	13.029	13.022	13.036	19.37117	V	m15_data/M15-3_20200626_110043_d158_Nickel_V_c.fit
59022.401782	0.125	13.103	13.09	13.116	20.77238	V	m15_data/M15-3_20200622_093834_d139_Nickel_V_c.fit
59022.400046	0.04167	13.082	13.068	13.096	20.15082	V	m15_data/M15-3_20200622_093604_d138_Nickel_V_c.fit
59022.398819	0.01389	13.086	13.074	13.098	19.30762	V	m15_data/M15-3_20200622_093418_d137_Nickel_V_c.fit
58805.097928	0.125	13.049	13.031	13.067	20.86731	V	m15_data/M15-3_20191118_022101_d138_Nickel_V_c.fit
58805.09669	0.04167	13.024	13.007	13.041	20.26345	V	m15_data/M15-3_20191118_021914_d137_Nickel_V_c.fit
58805.09581	0.01389	12.921	12.915	12.927	19.49885	V	m15_data/M15-3_20191118_021758_d136_Nickel_V_c.fit
58792.137894	0.04167	12.945	12.937	12.953	19.94257	V	m15_data/M15-3_20191105_031834_d152_Nickel_V_c.fit
58792.137164	0.01389	12.934	12.924	12.944	19.16177	V	m15_data/M15-3_20191105_031731_d151_Nickel_V_c.fit
58789.286123	0.125	12.948	12.936	12.96	20.40844	V	m15_data/M15-3_20191102_065201_d173_Nickel_V_c.fit
58789.284931	0.04167	12.946	12.933	12.959	19.80567	V	m15_data/M15-3_20191102_065018_d172_Nickel_V_c.fit
58789.284282	0.01389	12.893	12.886	12.9	19.13441	V	m15_data/M15-3_20191102_064922_d171_Nickel_V_c.fit
58788.16772	0.125	13.007	12.995	13.019	20.5952	V	m15_data/M15-3_20191101_040131_d160_Nickel_V_c.fit
58788.166632	0.04167	13.005	12.994	13.016	19.91472	V	m15_data/M15-3_20191101_035957_d159_Nickel_V_c.fit
58788.166007	0.01389	13.012	13.002	13.022	19.2052	V	m15_data/M15-3_20191101_035903_d158_Nickel_V_c.fit
58775.267731	0.125	13.003	12.994	13.012	20.19722	V	m15_data/M15-3_20191019_062532_d148_Nickel_V_c.fit
58775.26625	0.04167	13.005	12.993	13.017	19.80172	V	m15_data/M15-3_20191019_062324_d147_Nickel_V_c.fit
58775.263218	0.01389	12.981	12.971	12.991	18.84159	V	m15_data/M15-3_20191019_061902_d146_Nickel_V_c.fit
58763.222731	0.04167	15.088	14.889	15.287	15.6853	V	m15_data/M15-3_20191007_052044_d144_Nickel_V_c.fit
58759.220556	0.125	13.044	13.029	13.059	20.75044	V	m15_data/M15-3_20191003_051736_d145_Nickel_V_c.fit
58759.219468	0.04167	13.036	13.022	13.05	20.15551	V	m15_data/M15-3_20191003_051602_d144_Nickel_V_c.fit
58751.21941	0.04167	12.968	12.96	12.976	20.4686	V	m15_data/M15-3_20190925_051557_d152_Nickel_V_c.fit
58751.218623	0.01389	12.954	12.946	12.962	19.6042	V	m15_data/M15-3_20190925_051449_d151_Nickel_V_c.fit
58738.259109	0.125	13.02	13.009	13.031	19.94438	V	m15_data/M15-3_20190912_061307_d165_Nickel_V_c.fit
58738.257986	0.04167	12.943	12.938	12.948	19.42534	V	m15_data/M15-3_20190912_061130_d164_Nickel_V_c.fit
58738.256007	0.01389	13.01	13.004	13.016	18.67375	V	m15_data/M15-3_20190912_060839_d163_Nickel_V_c.fit
58728.189259	0.04167	13.05	13.036	13.064	20.159	V	m15_data/M15-3_20190902_043232_d160_Nickel_V_c.fit
58728.188079	0.01389	13.03	13.023	13.037	19.30331	V	m15_data/M15-3_20190902_043050_d159_Nickel_V_c.fit
58724.250938	0.125	13.101	13.09	13.112	20.61876	V	m15_data/M15-3_20190829_060121_d162_Nickel_V_c.fit
58724.249861	0.04167	13.085	13.074	13.096	19.9677	V	m15_data/M15-3_20190829_055948_d161_Nickel_V_c.fit
58724.249236	0.01389	13.05	13.038	13.062	19.30802	V	m15_data/M15-3_20190829_055854_d160_Nickel_V_c.fit
58721.312535	0.125	13.031	13.017	13.045	20.83609	V	m15_data/M15-3_20190826_073003_d155_Nickel_V_c.fit
58721.310417	0.04167	12.999	12.985	13.013	20.25626	V	m15_data/M15-3_20190826_072700_d154_Nickel_V_c.fit
58713.33816	0.04167	13.033	13.026	13.04	19.31304	V	m15_data/M15-3_20190818_080657_d157_Nickel_V_c.fit
58713.335475	0.125	13.049	13.041	13.057	19.81673	V	m15_data/M15-3_20190818_080305_d156_Nickel_V_c.fit
58713.3189	0.01389	13.054	13.045	13.063	17.93563	V	m15_data/M15-3_20190818_073913_d155_Nickel_V_c.fit
58713.317604	0.01389	13.017	13.009	13.025	18.6575	V	m15_data/M15-3_20190818_073721_d154_Nickel_V_c.fit
58708.300914	0.125	13.058	13.044	13.072	19.83597	V	m15_data/M15-3_20190813_071319_d166_Nickel_V_c.fit
58708.299375	0.04167	13.037	13.02	13.054	19.36477	V	m15_data/M15-3_20190813_071106_d165_Nickel_V_c.fit
58708.298194	0.01389	13.031	13.023	13.039	18.66541	V	m15_data/M15-3_20190813_070924_d164_Nickel_V_c.fit
58697.342234	0.125	13.141	13.132	13.15	19.94709	V	m15_data/M15-3_20190802_081249_d165_Nickel_V_c.fit
58697.340486	0.04167	13.135	13.127	13.143	19.22785	V	m15_data/M15-3_20190802_081018_d164_Nickel_V_c.fit
58697.339537	0.01389	13.118	13.111	13.125	18.41865	V	m15_data/M15-3_20190802_080856_d163_Nickel_V_c.fit
58683.323785	0.125	13.032	13.016	13.048	20.13184	V	m15_data/M15-3_20190719_074615_d149_Nickel_V_c.fit
58683.322581	0.04167	13.03	13.014	13.046	19.47144	V	m15_data/M15-3_20190719_074431_d148_Nickel_V_c.fit
58683.321921	0.01389	12.992	12.98	13.004	18.89511	V	m15_data/M15-3_20190719_074334_d147_Nickel_V_c.fit
58672.297512	0.125	13.149	13.141	13.157	19.41419	V	m15_data/M15-3_20190708_070825_d167_Nickel_V_c.fit
58672.296366	0.04167	13.123	13.114	13.132	18.89428	V	m15_data/M15-3_20190708_070646_d166_Nickel_V_c.fit
58672.295498	0.01389	13.112	13.104	13.12	18.09092	V	m15_data/M15-3_20190708_070531_d165_Nickel_V_c.fit
58658.395012	0.125	13.033	13.02	13.046	20.52881	V	m15_data/M15-3_20190624_092849_d136_Nickel_V_c.fit
58658.393553	0.04167	13.015	13.002	13.028	19.97704	V	m15_data/M15-3_20190624_092643_d135_Nickel_V_c.fit
58658.392917	0.01389	12.997	12.991	13.003	19.06979	V	m15_data/M15-3_20190624_092548_d134_Nickel_V_c.fit
