;; MJD	etburst	mag	-emag	+emag	limmag	filter	imagename
59058.472697	0.125	15.987	15.932	16.042	20.55946	V	m15_data/M15-3_20200728_112041_d231_Nickel_V_c.fit
59058.47162	0.04167	15.918	15.888	15.948	20.09788	V	m15_data/M15-3_20200728_111908_d230_Nickel_V_c.fit
59058.470567	0.01389	16.016	15.968	16.064	19.178	V	m15_data/M15-3_20200728_111737_d229_Nickel_V_c.fit
59058.440949	0.125	16.132	16.091	16.173	21.10267	V	m15_data/M15-3_20200728_103458_d211_Nickel_V_c.fit
59058.439861	0.04167	15.998	15.955	16.041	20.39103	V	m15_data/M15-3_20200728_103324_d210_Nickel_V_c.fit
59058.439248	0.01389	16.102	16.061	16.143	19.84196	V	m15_data/M15-3_20200728_103231_d209_Nickel_V_c.fit
59058.403495	0.125	16.225	16.181	16.269	21.09777	V	m15_data/M15-3_20200728_094102_d195_Nickel_V_c.fit
59058.402361	0.04167	16.221	16.178	16.264	20.23794	V	m15_data/M15-3_20200728_093924_d194_Nickel_V_c.fit
59058.401586	0.01389	16.145	16.103	16.187	19.40902	V	m15_data/M15-3_20200728_093817_d193_Nickel_V_c.fit
59058.369572	0.125	16.087	16.051	16.123	21.33054	V	m15_data/M15-3_20200728_085211_d179_Nickel_V_c.fit
59058.368438	0.04167	16.084	16.048	16.12	20.66667	V	m15_data/M15-3_20200728_085033_d178_Nickel_V_c.fit
59058.36772	0.01389	16.18	16.142	16.218	19.98488	V	m15_data/M15-3_20200728_084931_d177_Nickel_V_c.fit
59058.350093	0.125	16.106	16.069	16.143	21.232	V	m15_data/M15-3_20200728_082408_d167_Nickel_V_c.fit
59058.348912	0.04167	16.104	16.066	16.142	20.54425	V	m15_data/M15-3_20200728_082226_d166_Nickel_V_c.fit
59058.348218	0.01389	16.11	16.073	16.147	19.81756	V	m15_data/M15-3_20200728_082126_d165_Nickel_V_c.fit
59058.331053	0.125	16.113	16.077	16.149	20.95772	V	m15_data/M15-3_20200728_075643_d155_Nickel_V_c.fit
59058.329954	0.04167	15.977	15.943	16.011	20.38532	V	m15_data/M15-3_20200728_075508_d154_Nickel_V_c.fit
59058.329271	0.01389	16.012	15.969	16.055	19.37193	V	m15_data/M15-3_20200728_075409_d153_Nickel_V_c.fit
59054.424525	0.125	16.171	16.138	16.204	20.81904	V	m15_data/M15-3_20200724_101119_d204_Nickel_V_c.fit
59054.423426	0.04167	16.178	16.142	16.214	20.16789	V	m15_data/M15-3_20200724_100944_d203_Nickel_V_c.fit
59054.422778	0.01389	16.182	16.141	16.223	19.25769	V	m15_data/M15-3_20200724_100848_d202_Nickel_V_c.fit
59054.349282	0.125	16.06	16.027	16.093	20.7469	V	m15_data/M15-3_20200724_082258_d172_Nickel_V_c.fit
59054.348032	0.04167	16.062	16.025	16.099	20.03424	V	m15_data/M15-3_20200724_082110_d171_Nickel_V_c.fit
59054.347361	0.01389	16.112	16.079	16.145	19.21168	V	m15_data/M15-3_20200724_082012_d170_Nickel_V_c.fit
59051.336505	0.125	15.873	15.832	15.914	20.92444	V	m15_data/M15-3_20200721_080434_d153_Nickel_V_c.fit
59051.335139	0.04167	15.878	15.847	15.909	20.32194	V	m15_data/M15-3_20200721_080236_d152_Nickel_V_c.fit
59051.334016	0.01389	15.888	15.851	15.925	19.42646	V	m15_data/M15-3_20200721_080059_d151_Nickel_V_c.fit
59026.461447	0.125	15.844	15.816	15.872	20.80157	V	m15_data/M15-3_20200626_110429_d160_Nickel_V_c.fit
59026.46	0.04167	15.81	15.781	15.839	20.12271	V	m15_data/M15-3_20200626_110224_d159_Nickel_V_c.fit
59026.458831	0.01389	15.816	15.783	15.849	19.37292	V	m15_data/M15-3_20200626_110043_d158_Nickel_V_c.fit
59022.401782	0.125	16.133	16.084	16.182	20.77238	V	m15_data/M15-3_20200622_093834_d139_Nickel_V_c.fit
59022.400046	0.04167	15.724	15.698	15.75	20.15082	V	m15_data/M15-3_20200622_093604_d138_Nickel_V_c.fit
59022.398819	0.01389	15.754	15.722	15.786	19.30762	V	m15_data/M15-3_20200622_093418_d137_Nickel_V_c.fit
58994.479502	0.04167	15.78	15.743	15.817	20.66826	R	m15_data/M15-3_20200525_113029_d178_Nickel_R_c.fit
58994.476736	0.125	16.054	16.018	16.09	21.27681	V	m15_data/M15-3_20200525_112630_d177_Nickel_V_c.fit
58994.475069	0.04167	16.023	15.988	16.058	20.54041	V	m15_data/M15-3_20200525_112406_d176_Nickel_V_c.fit
58994.474306	0.01389	16.041	16.01	16.072	19.85485	V	m15_data/M15-3_20200525_112300_d175_Nickel_V_c.fit
58994.471597	0.125	16.464	16.437	16.491	21.39275	B	m15_data/M15-3_20200525_111906_d174_Nickel_B_c.fit
58994.470278	0.04167	16.446	16.415	16.477	20.64717	B	m15_data/M15-3_20200525_111712_d173_Nickel_B_c.fit
58994.469583	0.01389	16.504	16.462	16.546	19.56297	B	m15_data/M15-3_20200525_111612_d172_Nickel_B_c.fit
58856.102153	0.04167	15.742	15.704	15.78	18.43389	V	m15_data/M15-3_20200108_022706_d138_Nickel_V_c.fit
58805.097928	0.125	16.11	16.069	16.151	20.86731	V	m15_data/M15-3_20191118_022101_d138_Nickel_V_c.fit
58805.09669	0.04167	16.149	16.108	16.19	20.26345	V	m15_data/M15-3_20191118_021914_d137_Nickel_V_c.fit
58805.09581	0.01389	16.118	16.067	16.169	19.5651	V	m15_data/M15-3_20191118_021758_d136_Nickel_V_c.fit
58792.13934	0.125	15.633	15.602	15.664	20.75108	V	m15_data/M15-3_20191105_032039_d153_Nickel_V_c.fit
58792.137894	0.04167	15.67	15.639	15.701	19.94257	V	m15_data/M15-3_20191105_031834_d152_Nickel_V_c.fit
58792.137164	0.01389	15.61	15.574	15.646	19.16177	V	m15_data/M15-3_20191105_031731_d151_Nickel_V_c.fit
58789.286123	0.125	15.925	15.895	15.955	20.40844	V	m15_data/M15-3_20191102_065201_d173_Nickel_V_c.fit
58789.284931	0.04167	15.922	15.888	15.956	19.80567	V	m15_data/M15-3_20191102_065018_d172_Nickel_V_c.fit
58789.284282	0.01389	15.876	15.839	15.913	19.13966	V	m15_data/M15-3_20191102_064922_d171_Nickel_V_c.fit
58789.189306	0.125	16.105	16.068	16.142	21.02581	V	m15_data/M15-3_20191102_043236_d153_Nickel_V_c.fit
58789.188079	0.04167	16.109	16.075	16.143	20.12138	V	m15_data/M15-3_20191102_043050_d152_Nickel_V_c.fit
58789.186678	0.01389	16.071	16.032	16.11	19.68069	V	m15_data/M15-3_20191102_042849_d151_Nickel_V_c.fit
58788.16772	0.125	15.703	15.68	15.726	20.5952	V	m15_data/M15-3_20191101_040131_d160_Nickel_V_c.fit
58788.166632	0.04167	15.712	15.687	15.737	19.91472	V	m15_data/M15-3_20191101_035957_d159_Nickel_V_c.fit
58788.166007	0.01389	15.884	15.854	15.914	19.2052	V	m15_data/M15-3_20191101_035903_d158_Nickel_V_c.fit
58779.252894	0.08333	16.36	16.306	16.414	20.20812	V	m15_data/M15-3_20191023_060410_d143_Nickel_V_c.fit
58779.251296	0.04167	16.557	16.486	16.628	19.78747	V	m15_data/M15-3_20191023_060152_d142_Nickel_V_c.fit
58779.250451	0.01389	16.366	16.308	16.424	19.01341	V	m15_data/M15-3_20191023_060039_d141_Nickel_V_c.fit
58775.267731	0.125	16.354	16.301	16.407	20.19722	V	m15_data/M15-3_20191019_062532_d148_Nickel_V_c.fit
58775.26625	0.04167	16.108	16.073	16.143	19.80172	V	m15_data/M15-3_20191019_062324_d147_Nickel_V_c.fit
58775.263218	0.01389	16.632	16.549	16.715	18.84121	V	m15_data/M15-3_20191019_061902_d146_Nickel_V_c.fit
58769.350845	0.125	16.327	16.276	16.378	19.45082	V	m15_data/M15-3_20191013_082513_d309_Nickel_V_c.fit
58769.348634	0.04167	16.243	16.209	16.277	19.07136	V	m15_data/M15-3_20191013_082202_d308_Nickel_V_c.fit
58769.347894	0.01389	16.206	16.163	16.249	18.50134	V	m15_data/M15-3_20191013_082058_d307_Nickel_V_c.fit
58763.225799	0.125	15.783	15.722	15.844	17.06983	V	m15_data/M15-3_20191007_052509_d145_Nickel_V_c.fit
58763.222731	0.04167	16.428	16.087	16.769	15.6853	V	m15_data/M15-3_20191007_052044_d144_Nickel_V_c.fit
58763.221968	0.01389	15.803	15.759	15.847	18.00693	V	m15_data/M15-3_20191007_051938_d143_Nickel_V_c.fit
58759.220556	0.125	15.762	15.731	15.793	20.75044	V	m15_data/M15-3_20191003_051736_d145_Nickel_V_c.fit
58759.219468	0.04167	15.698	15.668	15.728	20.15551	V	m15_data/M15-3_20191003_051602_d144_Nickel_V_c.fit
58759.21875	0.01389	15.746	15.711	15.781	19.45367	V	m15_data/M15-3_20191003_051500_d143_Nickel_V_c.fit
58751.220509	0.125	15.736	15.705	15.767	21.11832	V	m15_data/M15-3_20190925_051732_d153_Nickel_V_c.fit
58751.21941	0.04167	15.732	15.702	15.762	20.4686	V	m15_data/M15-3_20190925_051557_d152_Nickel_V_c.fit
58751.218623	0.01389	15.721	15.69	15.752	19.6042	V	m15_data/M15-3_20190925_051449_d151_Nickel_V_c.fit
58738.259109	0.125	15.915	15.887	15.943	19.94438	V	m15_data/M15-3_20190912_061307_d165_Nickel_V_c.fit
58738.257986	0.04167	15.922	15.893	15.951	19.42759	V	m15_data/M15-3_20190912_061130_d164_Nickel_V_c.fit
58738.256007	0.01389	15.893	15.858	15.928	18.67575	V	m15_data/M15-3_20190912_060839_d163_Nickel_V_c.fit
58731.370938	0.125	15.758	15.731	15.785	20.99291	V	m15_data/M15-3_20190905_085409_d193_Nickel_V_c.fit
58731.36985	0.04167	15.772	15.741	15.803	20.37556	V	m15_data/M15-3_20190905_085235_d192_Nickel_V_c.fit
58731.369167	0.01389	15.659	15.633	15.685	19.70213	V	m15_data/M15-3_20190905_085136_d191_Nickel_V_c.fit
58731.183519	0.01389	16.019	15.975	16.063	19.58912	V	m15_data/M15-3_20190905_042416_d134_Nickel_V_c.fit
58731.181806	0.04167	16.131	16.09	16.172	20.23719	V	m15_data/M15-3_20190905_042148_d133_Nickel_V_c.fit
58731.179213	0.125	16.189	16.148	16.23	21.00578	V	m15_data/M15-3_20190905_041804_d132_Nickel_V_c.fit
58728.190336	0.08333	15.704	15.679	15.729	20.71734	V	m15_data/M15-3_20190902_043405_d161_Nickel_V_c.fit
58728.189259	0.04167	15.675	15.653	15.697	20.159	V	m15_data/M15-3_20190902_043232_d160_Nickel_V_c.fit
58728.188079	0.01389	15.709	15.68	15.738	19.30881	V	m15_data/M15-3_20190902_043050_d159_Nickel_V_c.fit
58724.250938	0.125	16.196	16.151	16.241	20.61876	V	m15_data/M15-3_20190829_060121_d162_Nickel_V_c.fit
58724.249861	0.04167	16.032	15.991	16.073	19.9677	V	m15_data/M15-3_20190829_055948_d161_Nickel_V_c.fit
58724.249236	0.01389	15.807	15.773	15.841	19.30802	V	m15_data/M15-3_20190829_055854_d160_Nickel_V_c.fit
58721.312535	0.125	16.189	16.149	16.229	20.83609	V	m15_data/M15-3_20190826_073003_d155_Nickel_V_c.fit
58721.310417	0.04167	16.206	16.152	16.26	20.25626	V	m15_data/M15-3_20190826_072700_d154_Nickel_V_c.fit
58721.309653	0.01389	16.157	16.104	16.21	19.53456	V	m15_data/M15-3_20190826_072554_d153_Nickel_V_c.fit
58713.335475	0.125	15.776	15.75	15.802	19.81673	V	m15_data/M15-3_20190818_080305_d156_Nickel_V_c.fit
58713.317604	0.01389	16.939	16.83	17.048	18.662	V	m15_data/M15-3_20190818_073721_d154_Nickel_V_c.fit
58708.300914	0.125	16.296	16.238	16.354	19.83597	V	m15_data/M15-3_20190813_071319_d166_Nickel_V_c.fit
58708.299375	0.04167	16.016	15.975	16.057	19.36477	V	m15_data/M15-3_20190813_071106_d165_Nickel_V_c.fit
58708.298194	0.01389	16.685	16.571	16.799	18.67028	V	m15_data/M15-3_20190813_070924_d164_Nickel_V_c.fit
58694.362384	0.125	16.629	16.536	16.722	20.61421	V	m15_data/M15-3_20190730_084150_d144_Nickel_V_c.fit
58694.361204	0.04167	16.647	16.553	16.741	19.91911	V	m15_data/M15-3_20190730_084008_d143_Nickel_V_c.fit
58690.323958	0.125	16.161	16.126	16.196	20.82417	V	m15_data/M15-3_20190726_074630_d172_Nickel_V_c.fit
58690.322326	0.04167	16.199	16.157	16.241	20.26241	V	m15_data/M15-3_20190726_074409_d171_Nickel_V_c.fit
58690.321586	0.01389	16.254	16.209	16.299	19.44719	V	m15_data/M15-3_20190726_074305_d170_Nickel_V_c.fit
58683.323785	0.125	15.756	15.727	15.785	20.13184	V	m15_data/M15-3_20190719_074615_d149_Nickel_V_c.fit
58683.322581	0.04167	15.738	15.708	15.768	19.47144	V	m15_data/M15-3_20190719_074431_d148_Nickel_V_c.fit
58683.321921	0.01389	15.731	15.705	15.757	18.89511	V	m15_data/M15-3_20190719_074334_d147_Nickel_V_c.fit
58676.379977	0.125	15.942	15.903	15.981	20.7461	V	m15_data/M15-3_20190712_090710_d167_Nickel_V_c.fit
58676.378542	0.04167	16.059	16.018	16.1	20.5775	V	m15_data/M15-3_20190712_090506_d166_Nickel_V_c.fit
58676.377743	0.01389	16.028	15.988	16.068	19.60765	V	m15_data/M15-3_20190712_090357_d165_Nickel_V_c.fit
58658.395012	0.125	15.758	15.731	15.785	20.52881	V	m15_data/M15-3_20190624_092849_d136_Nickel_V_c.fit
58658.393553	0.04167	15.788	15.757	15.819	19.97704	V	m15_data/M15-3_20190624_092643_d135_Nickel_V_c.fit
58658.392917	0.01389	15.779	15.746	15.812	19.07529	V	m15_data/M15-3_20190624_092548_d134_Nickel_V_c.fit
58653.407963	0.125	16.142	16.109	16.175	20.51479	V	m15_data/M15-3_20190619_094728_d178_Nickel_V_c.fit
58653.406748	0.04167	16.149	16.107	16.191	19.93941	V	m15_data/M15-3_20190619_094543_d177_Nickel_V_c.fit
58653.406111	0.01389	16.18	16.147	16.213	19.2437	V	m15_data/M15-3_20190619_094448_d176_Nickel_V_c.fit
