;; MJD	etburst	mag	-emag	+emag	limmag	filter	imagename
59058.472697	0.125	15.507	15.484	15.53	20.55946	V	m15_data/M15-3_20200728_112041_d231_Nickel_V_c.fit
59058.47162	0.04167	15.493	15.473	15.513	20.09788	V	m15_data/M15-3_20200728_111908_d230_Nickel_V_c.fit
59058.470567	0.01389	15.461	15.435	15.487	19.178	V	m15_data/M15-3_20200728_111737_d229_Nickel_V_c.fit
59058.440949	0.125	15.415	15.399	15.431	21.10267	V	m15_data/M15-3_20200728_103458_d211_Nickel_V_c.fit
59058.439861	0.04167	15.422	15.404	15.44	20.39103	V	m15_data/M15-3_20200728_103324_d210_Nickel_V_c.fit
59058.439248	0.01389	15.46	15.436	15.484	19.84196	V	m15_data/M15-3_20200728_103231_d209_Nickel_V_c.fit
59058.403495	0.125	15.31	15.295	15.325	21.09777	V	m15_data/M15-3_20200728_094102_d195_Nickel_V_c.fit
59058.402361	0.04167	15.286	15.268	15.304	20.23794	V	m15_data/M15-3_20200728_093924_d194_Nickel_V_c.fit
59058.401586	0.01389	15.283	15.264	15.302	19.40902	V	m15_data/M15-3_20200728_093817_d193_Nickel_V_c.fit
59058.369572	0.125	15.223	15.209	15.237	21.33054	V	m15_data/M15-3_20200728_085211_d179_Nickel_V_c.fit
59058.368438	0.04167	15.201	15.186	15.216	20.66667	V	m15_data/M15-3_20200728_085033_d178_Nickel_V_c.fit
59058.36772	0.01389	15.216	15.196	15.236	19.98488	V	m15_data/M15-3_20200728_084931_d177_Nickel_V_c.fit
59058.350093	0.125	15.246	15.232	15.26	21.232	V	m15_data/M15-3_20200728_082408_d167_Nickel_V_c.fit
59058.348912	0.04167	15.24	15.225	15.255	20.54425	V	m15_data/M15-3_20200728_082226_d166_Nickel_V_c.fit
59058.348218	0.01389	15.271	15.254	15.288	19.81756	V	m15_data/M15-3_20200728_082126_d165_Nickel_V_c.fit
59058.331053	0.125	15.418	15.403	15.433	20.95772	V	m15_data/M15-3_20200728_075643_d155_Nickel_V_c.fit
59058.329954	0.04167	15.456	15.439	15.473	20.38532	V	m15_data/M15-3_20200728_075508_d154_Nickel_V_c.fit
59058.329271	0.01389	15.435	15.412	15.458	19.37193	V	m15_data/M15-3_20200728_075409_d153_Nickel_V_c.fit
59054.424525	0.125	15.335	15.32	15.35	20.81904	V	m15_data/M15-3_20200724_101119_d204_Nickel_V_c.fit
59054.423426	0.04167	15.33	15.312	15.348	20.16789	V	m15_data/M15-3_20200724_100944_d203_Nickel_V_c.fit
59054.422778	0.01389	15.319	15.3	15.338	19.25769	V	m15_data/M15-3_20200724_100848_d202_Nickel_V_c.fit
59054.349282	0.125	15.315	15.299	15.331	20.7469	V	m15_data/M15-3_20200724_082258_d172_Nickel_V_c.fit
59054.348032	0.04167	15.354	15.337	15.371	20.03424	V	m15_data/M15-3_20200724_082110_d171_Nickel_V_c.fit
59054.347361	0.01389	15.377	15.357	15.397	19.21168	V	m15_data/M15-3_20200724_082012_d170_Nickel_V_c.fit
59051.336505	0.125	15.769	15.746	15.792	20.92444	V	m15_data/M15-3_20200721_080434_d153_Nickel_V_c.fit
59051.335139	0.04167	15.821	15.795	15.847	20.32194	V	m15_data/M15-3_20200721_080236_d152_Nickel_V_c.fit
59051.334016	0.01389	15.85	15.822	15.878	19.42646	V	m15_data/M15-3_20200721_080059_d151_Nickel_V_c.fit
59043.364271	0.125	15.86	15.835	15.885	20.81349	V	m15_data/M15-3_20200713_084433_d188_Nickel_V_c.fit
59043.362928	0.04167	15.859	15.835	15.883	20.24039	V	m15_data/M15-3_20200713_084237_d187_Nickel_V_c.fit
59043.360903	0.01389	15.802	15.774	15.83	19.2963	V	m15_data/M15-3_20200713_083942_d186_Nickel_V_c.fit
59039.414838	0.125	15.924	15.899	15.949	20.52254	V	m15_data/M15-3_20200709_095722_d176_Nickel_V_c.fit
59039.413681	0.04167	15.897	15.867	15.927	19.65123	V	m15_data/M15-3_20200709_095542_d175_Nickel_V_c.fit
59039.412963	0.01389	15.958	15.927	15.989	19.2226	V	m15_data/M15-3_20200709_095440_d174_Nickel_V_c.fit
59030.461088	0.04167	15.426	15.41	15.442	20.43613	B	m15_data/M15-3_20200630_110358_d190_Nickel_B_c.fit
59030.458495	0.125	15.216	15.198	15.234	21.09893	V	m15_data/M15-3_20200630_110014_d189_Nickel_V_c.fit
59030.45735	0.04167	15.21	15.193	15.227	20.27174	V	m15_data/M15-3_20200630_105835_d188_Nickel_V_c.fit
59030.456725	0.01389	15.228	15.21	15.246	19.79281	V	m15_data/M15-3_20200630_105741_d187_Nickel_V_c.fit
59026.461447	0.125	15.21	15.197	15.223	20.80157	V	m15_data/M15-3_20200626_110429_d160_Nickel_V_c.fit
59026.46	0.04167	15.174	15.16	15.188	20.12271	V	m15_data/M15-3_20200626_110224_d159_Nickel_V_c.fit
59026.458831	0.01389	15.177	15.16	15.194	19.37292	V	m15_data/M15-3_20200626_110043_d158_Nickel_V_c.fit
59022.401782	0.125	15.862	15.839	15.885	20.77238	V	m15_data/M15-3_20200622_093834_d139_Nickel_V_c.fit
59022.400046	0.04167	15.901	15.876	15.926	20.15082	V	m15_data/M15-3_20200622_093604_d138_Nickel_V_c.fit
59022.398819	0.01389	15.942	15.914	15.97	19.30762	V	m15_data/M15-3_20200622_093418_d137_Nickel_V_c.fit
59018.443229	0.125	15.519	15.503	15.535	20.55267	V	m15_data/M15-3_20200618_103815_d200_Nickel_V_c.fit
59018.442153	0.04167	15.456	15.437	15.475	19.95194	V	m15_data/M15-3_20200618_103642_d199_Nickel_V_c.fit
59018.441389	0.01389	15.477	15.451	15.503	19.18314	V	m15_data/M15-3_20200618_103536_d198_Nickel_V_c.fit
59010.443333	0.125	15.833	15.805	15.861	20.84169	V	m15_data/M15-3_20200610_103824_d181_Nickel_V_c.fit
59010.442095	0.04167	15.869	15.841	15.897	20.19061	V	m15_data/M15-3_20200610_103637_d180_Nickel_V_c.fit
59010.439167	0.01389	15.851	15.821	15.881	19.20921	V	m15_data/M15-3_20200610_103224_d179_Nickel_V_c.fit
58994.479502	0.04167	15.718	15.699	15.737	20.66826	R	m15_data/M15-3_20200525_113029_d178_Nickel_R_c.fit
58994.476736	0.125	16.016	15.992	16.04	21.27681	V	m15_data/M15-3_20200525_112630_d177_Nickel_V_c.fit
58994.475069	0.04167	16.028	16.001	16.055	20.54041	V	m15_data/M15-3_20200525_112406_d176_Nickel_V_c.fit
58994.474306	0.01389	16.067	16.042	16.092	19.85485	V	m15_data/M15-3_20200525_112300_d175_Nickel_V_c.fit
58994.471597	0.125	16.4	16.354	16.446	21.39275	B	m15_data/M15-3_20200525_111906_d174_Nickel_B_c.fit
58994.470278	0.04167	16.447	16.401	16.493	20.64717	B	m15_data/M15-3_20200525_111712_d173_Nickel_B_c.fit
58994.469583	0.01389	16.469	16.42	16.518	19.56297	B	m15_data/M15-3_20200525_111612_d172_Nickel_B_c.fit
58856.102153	0.04167	16.232	16.192	16.272	18.43389	V	m15_data/M15-3_20200108_022706_d138_Nickel_V_c.fit
58805.188588	0.125	15.508	15.493	15.523	20.41838	V	m15_data/M15-3_20191118_043134_d166_Nickel_V_c.fit
58805.187431	0.04167	15.516	15.499	15.533	19.78489	V	m15_data/M15-3_20191118_042954_d165_Nickel_V_c.fit
58805.186377	0.01389	15.462	15.441	15.483	19.0715	V	m15_data/M15-3_20191118_042823_d164_Nickel_V_c.fit
58805.097928	0.125	15.157	15.143	15.171	20.86731	V	m15_data/M15-3_20191118_022101_d138_Nickel_V_c.fit
58805.09669	0.04167	15.158	15.143	15.173	20.26345	V	m15_data/M15-3_20191118_021914_d137_Nickel_V_c.fit
58805.09581	0.01389	15.143	15.126	15.16	19.5651	V	m15_data/M15-3_20191118_021758_d136_Nickel_V_c.fit
58794.144201	0.125	15.905	15.876	15.934	20.49186	V	m15_data/M15-3_20191107_032739_d141_Nickel_V_c.fit
58794.143009	0.04167	15.881	15.856	15.906	19.83829	V	m15_data/M15-3_20191107_032556_d140_Nickel_V_c.fit
58794.142176	0.01389	15.915	15.886	15.944	19.38338	V	m15_data/M15-3_20191107_032444_d139_Nickel_V_c.fit
58792.13934	0.125	15.903	15.877	15.929	20.75108	V	m15_data/M15-3_20191105_032039_d153_Nickel_V_c.fit
58792.137894	0.04167	15.852	15.824	15.88	19.94257	V	m15_data/M15-3_20191105_031834_d152_Nickel_V_c.fit
58792.137164	0.01389	15.859	15.832	15.886	19.16177	V	m15_data/M15-3_20191105_031731_d151_Nickel_V_c.fit
58789.286123	0.125	15.578	15.561	15.595	20.40844	V	m15_data/M15-3_20191102_065201_d173_Nickel_V_c.fit
58789.284931	0.04167	15.545	15.526	15.564	19.80567	V	m15_data/M15-3_20191102_065018_d172_Nickel_V_c.fit
58789.284282	0.01389	15.589	15.567	15.611	19.13966	V	m15_data/M15-3_20191102_064922_d171_Nickel_V_c.fit
58788.16772	0.125	16.003	15.979	16.027	20.5952	V	m15_data/M15-3_20191101_040131_d160_Nickel_V_c.fit
58788.166632	0.04167	15.906	15.88	15.932	19.91472	V	m15_data/M15-3_20191101_035957_d159_Nickel_V_c.fit
58788.166007	0.01389	15.918	15.889	15.947	19.2052	V	m15_data/M15-3_20191101_035903_d158_Nickel_V_c.fit
58779.252894	0.08333	15.456	15.441	15.471	20.20812	V	m15_data/M15-3_20191023_060410_d143_Nickel_V_c.fit
58779.251296	0.04167	15.466	15.449	15.483	19.78747	V	m15_data/M15-3_20191023_060152_d142_Nickel_V_c.fit
58779.250451	0.01389	15.453	15.437	15.469	19.01341	V	m15_data/M15-3_20191023_060039_d141_Nickel_V_c.fit
58775.267731	0.125	15.494	15.478	15.51	20.19722	V	m15_data/M15-3_20191019_062532_d148_Nickel_V_c.fit
58775.26625	0.04167	15.434	15.417	15.451	19.80172	V	m15_data/M15-3_20191019_062324_d147_Nickel_V_c.fit
58775.263218	0.01389	15.409	15.389	15.429	18.84121	V	m15_data/M15-3_20191019_061902_d146_Nickel_V_c.fit
58769.350845	0.125	15.558	15.541	15.575	19.45082	V	m15_data/M15-3_20191013_082513_d309_Nickel_V_c.fit
58769.348634	0.04167	15.605	15.584	15.626	19.07136	V	m15_data/M15-3_20191013_082202_d308_Nickel_V_c.fit
58769.347894	0.01389	15.586	15.556	15.616	18.50134	V	m15_data/M15-3_20191013_082058_d307_Nickel_V_c.fit
58768.312442	0.125	15.913	15.887	15.939	19.64247	V	m15_data/M15-3_20191012_072955_d184_Nickel_V_c.fit
58768.311019	0.04167	15.921	15.893	15.949	19.06512	V	m15_data/M15-3_20191012_072752_d183_Nickel_V_c.fit
58768.310255	0.01389	15.952	15.919	15.985	18.46737	V	m15_data/M15-3_20191012_072646_d182_Nickel_V_c.fit
58763.225799	0.125	15.224	15.188	15.26	17.07158	V	m15_data/M15-3_20191007_052509_d145_Nickel_V_c.fit
58763.222731	0.04167	15.42	15.284	15.556	15.6853	V	m15_data/M15-3_20191007_052044_d144_Nickel_V_c.fit
58763.221968	0.01389	15.17	15.152	15.188	18.00781	V	m15_data/M15-3_20191007_051938_d143_Nickel_V_c.fit
58759.220556	0.125	15.14	15.124	15.156	20.75044	V	m15_data/M15-3_20191003_051736_d145_Nickel_V_c.fit
58759.219468	0.04167	15.152	15.135	15.169	20.15551	V	m15_data/M15-3_20191003_051602_d144_Nickel_V_c.fit
58759.21875	0.01389	15.204	15.185	15.223	19.45367	V	m15_data/M15-3_20191003_051500_d143_Nickel_V_c.fit
58751.220509	0.125	15.375	15.359	15.391	21.11832	V	m15_data/M15-3_20190925_051732_d153_Nickel_V_c.fit
58751.21941	0.04167	15.392	15.375	15.409	20.4686	V	m15_data/M15-3_20190925_051557_d152_Nickel_V_c.fit
58751.218623	0.01389	15.372	15.352	15.392	19.6042	V	m15_data/M15-3_20190925_051449_d151_Nickel_V_c.fit
58746.383611	0.125	16.064	16.031	16.097	19.28133	V	m15_data/M15-3_20190920_091224_d136_Nickel_V_c.fit
58746.382604	0.04167	16.037	15.996	16.078	18.16266	V	m15_data/M15-3_20190920_091057_d135_Nickel_V_c.fit
58746.382153	0.01389	15.968	15.896	16.04	17.12147	V	m15_data/M15-3_20190920_091018_d134_Nickel_V_c.fit
58738.259109	0.125	15.817	15.796	15.838	19.94438	V	m15_data/M15-3_20190912_061307_d165_Nickel_V_c.fit
58738.257986	0.04167	15.837	15.815	15.859	19.42759	V	m15_data/M15-3_20190912_061130_d164_Nickel_V_c.fit
58738.256007	0.01389	15.825	15.799	15.851	18.67575	V	m15_data/M15-3_20190912_060839_d163_Nickel_V_c.fit
58735.30581	0.125	15.279	15.264	15.294	19.93963	V	m15_data/M15-3_20190909_072022_d161_Nickel_V_c.fit
58735.304722	0.04167	15.258	15.239	15.277	19.29306	V	m15_data/M15-3_20190909_071848_d160_Nickel_V_c.fit
58735.304051	0.01389	15.187	15.165	15.209	18.71903	V	m15_data/M15-3_20190909_071750_d159_Nickel_V_c.fit
58731.370938	0.125	15.396	15.379	15.413	20.99291	V	m15_data/M15-3_20190905_085409_d193_Nickel_V_c.fit
58731.36985	0.04167	15.391	15.373	15.409	20.37556	V	m15_data/M15-3_20190905_085235_d192_Nickel_V_c.fit
58731.369167	0.01389	15.401	15.378	15.424	19.70213	V	m15_data/M15-3_20190905_085136_d191_Nickel_V_c.fit
58731.183519	0.01389	16.056	16.025	16.087	19.58912	V	m15_data/M15-3_20190905_042416_d134_Nickel_V_c.fit
58731.181806	0.04167	16.025	15.998	16.052	20.23719	V	m15_data/M15-3_20190905_042148_d133_Nickel_V_c.fit
58731.179213	0.125	16.056	16.031	16.081	21.00578	V	m15_data/M15-3_20190905_041804_d132_Nickel_V_c.fit
58728.190336	0.08333	15.718	15.696	15.74	20.71734	V	m15_data/M15-3_20190902_043405_d161_Nickel_V_c.fit
58728.189259	0.04167	15.698	15.676	15.72	20.159	V	m15_data/M15-3_20190902_043232_d160_Nickel_V_c.fit
58728.188079	0.01389	15.774	15.749	15.799	19.30881	V	m15_data/M15-3_20190902_043050_d159_Nickel_V_c.fit
58724.250938	0.125	15.774	15.75	15.798	20.61876	V	m15_data/M15-3_20190829_060121_d162_Nickel_V_c.fit
58724.249861	0.04167	15.753	15.728	15.778	19.9677	V	m15_data/M15-3_20190829_055948_d161_Nickel_V_c.fit
58724.249236	0.01389	15.788	15.759	15.817	19.30802	V	m15_data/M15-3_20190829_055854_d160_Nickel_V_c.fit
58721.312535	0.125	15.263	15.247	15.279	20.83609	V	m15_data/M15-3_20190826_073003_d155_Nickel_V_c.fit
58721.310417	0.04167	15.28	15.262	15.298	20.25626	V	m15_data/M15-3_20190826_072700_d154_Nickel_V_c.fit
58721.309653	0.01389	15.324	15.305	15.343	19.53456	V	m15_data/M15-3_20190826_072554_d153_Nickel_V_c.fit
58713.33816	0.04167	15.357	15.339	15.375	19.31304	V	m15_data/M15-3_20190818_080657_d157_Nickel_V_c.fit
58713.335475	0.125	15.379	15.363	15.395	19.81673	V	m15_data/M15-3_20190818_080305_d156_Nickel_V_c.fit
58713.317604	0.01389	15.503	15.47	15.536	18.662	V	m15_data/M15-3_20190818_073721_d154_Nickel_V_c.fit
58708.300914	0.125	15.755	15.725	15.785	19.83597	V	m15_data/M15-3_20190813_071319_d166_Nickel_V_c.fit
58708.299375	0.04167	15.773	15.744	15.802	19.36477	V	m15_data/M15-3_20190813_071106_d165_Nickel_V_c.fit
58708.298194	0.01389	15.764	15.733	15.795	18.67028	V	m15_data/M15-3_20190813_070924_d164_Nickel_V_c.fit
58690.323958	0.125	15.737	15.714	15.76	20.82417	V	m15_data/M15-3_20190726_074630_d172_Nickel_V_c.fit
58690.322326	0.04167	15.725	15.703	15.747	20.26241	V	m15_data/M15-3_20190726_074409_d171_Nickel_V_c.fit
58690.321586	0.01389	15.767	15.74	15.794	19.44719	V	m15_data/M15-3_20190726_074305_d170_Nickel_V_c.fit
58683.323785	0.125	15.949	15.925	15.973	20.13184	V	m15_data/M15-3_20190719_074615_d149_Nickel_V_c.fit
58683.322581	0.04167	15.904	15.879	15.929	19.47144	V	m15_data/M15-3_20190719_074431_d148_Nickel_V_c.fit
58683.321921	0.01389	15.979	15.946	16.012	18.89511	V	m15_data/M15-3_20190719_074334_d147_Nickel_V_c.fit
58676.379977	0.125	15.752	15.725	15.779	20.7461	V	m15_data/M15-3_20190712_090710_d167_Nickel_V_c.fit
58676.378542	0.04167	15.853	15.828	15.878	20.5775	V	m15_data/M15-3_20190712_090506_d166_Nickel_V_c.fit
58676.377743	0.01389	15.786	15.759	15.813	19.60765	V	m15_data/M15-3_20190712_090357_d165_Nickel_V_c.fit
58672.480799	0.125	15.871	15.847	15.895	20.75858	V	m15_data/M15-3_20190708_113221_d216_Nickel_V_c.fit
58672.479282	0.04167	15.987	15.964	16.01	20.12492	V	m15_data/M15-3_20190708_113010_d215_Nickel_V_c.fit
58672.478669	0.01389	15.909	15.88	15.938	19.3954	V	m15_data/M15-3_20190708_112917_d214_Nickel_V_c.fit
58664.407257	0.125	15.809	15.773	15.845	19.02719	V	m15_data/M15-3_20190630_094627_d194_Nickel_V_c.fit
58664.406181	0.04167	15.788	15.735	15.841	17.46218	V	m15_data/M15-3_20190630_094454_d193_Nickel_V_c.fit
58664.405428	0.01389	16.06	15.976	16.144	16.92358	V	m15_data/M15-3_20190630_094349_d192_Nickel_V_c.fit
58658.395012	0.125	15.676	15.654	15.698	20.52881	V	m15_data/M15-3_20190624_092849_d136_Nickel_V_c.fit
58658.393553	0.04167	15.686	15.666	15.706	19.97704	V	m15_data/M15-3_20190624_092643_d135_Nickel_V_c.fit
58658.392917	0.01389	15.752	15.728	15.776	19.07529	V	m15_data/M15-3_20190624_092548_d134_Nickel_V_c.fit
58653.407963	0.125	15.993	15.963	16.023	20.51479	V	m15_data/M15-3_20190619_094728_d178_Nickel_V_c.fit
58653.406748	0.04167	15.987	15.957	16.017	19.93941	V	m15_data/M15-3_20190619_094543_d177_Nickel_V_c.fit
58653.406111	0.01389	16.009	15.973	16.045	19.2437	V	m15_data/M15-3_20190619_094448_d176_Nickel_V_c.fit
