;; MJD	etburst	mag	-emag	+emag	limmag	filter	imagename
59054.418553	0.125	12.8	12.793	12.807	19.87135	V	m15_data/M15-2_20200724_100243_d201_Nickel_V_c.fit
59054.417454	0.04167	12.804	12.793	12.815	19.57662	V	m15_data/M15-2_20200724_100108_d200_Nickel_V_c.fit
59054.41669	0.01389	12.791	12.779	12.803	18.93121	V	m15_data/M15-2_20200724_100002_d199_Nickel_V_c.fit
59054.335255	0.125	12.861	12.856	12.866	19.79786	V	m15_data/M15-2_20200724_080246_d169_Nickel_V_c.fit
59054.333738	0.04167	12.844	12.833	12.855	19.56582	V	m15_data/M15-2_20200724_080035_d168_Nickel_V_c.fit
59054.332407	0.01389	12.855	12.845	12.865	18.60858	V	m15_data/M15-2_20200724_075840_d167_Nickel_V_c.fit
59051.331458	0.125	12.832	12.819	12.845	20.16172	V	m15_data/M15-2_20200721_075718_d150_Nickel_V_c.fit
59051.330185	0.04167	12.843	12.829	12.857	19.85313	V	m15_data/M15-2_20200721_075528_d149_Nickel_V_c.fit
59051.32956	0.01389	12.848	12.836	12.86	19.40358	V	m15_data/M15-2_20200721_075434_d148_Nickel_V_c.fit
59043.354873	0.125	12.842	12.835	12.849	20.01914	V	m15_data/M15-2_20200713_083101_d185_Nickel_V_c.fit
59043.353414	0.04167	12.839	12.828	12.85	19.73144	V	m15_data/M15-2_20200713_082855_d184_Nickel_V_c.fit
59043.350625	0.01389	12.842	12.83	12.854	19.01528	V	m15_data/M15-2_20200713_082454_d183_Nickel_V_c.fit
59039.41022	0.125	12.854	12.839	12.869	19.92106	V	m15_data/M15-2_20200709_095043_d173_Nickel_V_c.fit
59039.409016	0.04167	12.856	12.844	12.868	19.46944	V	m15_data/M15-2_20200709_094859_d172_Nickel_V_c.fit
59039.408102	0.01389	12.858	12.843	12.873	18.82401	V	m15_data/M15-2_20200709_094740_d171_Nickel_V_c.fit
59039.405937	0.01389	12.861	12.842	12.88	18.80156	V	m15_data/M15-2_20200709_094433_d170_Nickel_V_c.fit
59030.454745	0.04167	14.032	14.012	14.052	20.13463	B	m15_data/M15-2_20200630_105450_d186_Nickel_B_c.fit
59030.452199	0.125	12.813	12.802	12.824	20.23066	V	m15_data/M15-2_20200630_105110_d185_Nickel_V_c.fit
59030.451111	0.04167	12.821	12.808	12.834	19.7992	V	m15_data/M15-2_20200630_104936_d184_Nickel_V_c.fit
59030.450428	0.01389	12.836	12.824	12.848	19.58975	V	m15_data/M15-2_20200630_104837_d183_Nickel_V_c.fit
59022.394792	0.125	12.861	12.856	12.866	19.87236	V	m15_data/M15-2_20200622_092830_d136_Nickel_V_c.fit
59022.393264	0.04167	12.864	12.855	12.873	19.68611	V	m15_data/M15-2_20200622_092618_d135_Nickel_V_c.fit
59022.392569	0.01389	12.861	12.848	12.874	19.16591	V	m15_data/M15-2_20200622_092518_d134_Nickel_V_c.fit
59018.437037	0.125	12.89	12.885	12.895	19.72649	V	m15_data/M15-2_20200618_102920_d197_Nickel_V_c.fit
59018.434525	0.04167	12.886	12.874	12.898	19.62208	V	m15_data/M15-2_20200618_102543_d196_Nickel_V_c.fit
59018.433843	0.01389	12.877	12.865	12.889	18.95482	V	m15_data/M15-2_20200618_102444_d195_Nickel_V_c.fit
59010.43566	0.125	12.837	12.819	12.855	20.24938	V	m15_data/M15-2_20200610_102721_d178_Nickel_V_c.fit
59010.434502	0.04167	12.845	12.826	12.864	19.92459	V	m15_data/M15-2_20200610_102541_d177_Nickel_V_c.fit
59010.433715	0.01389	12.836	12.815	12.857	19.29255	V	m15_data/M15-2_20200610_102433_d176_Nickel_V_c.fit
58994.493009	0.04167	12.146	12.138	12.154	19.74037	R	m15_data/M15-2_20200525_114956_d187_Nickel_R_c.fit
58994.465451	0.125	12.883	12.87	12.896	20.44832	V	m15_data/M15-2_20200525_111015_d171_Nickel_V_c.fit
58994.464016	0.04167	12.874	12.864	12.884	19.97351	V	m15_data/M15-2_20200525_110811_d170_Nickel_V_c.fit
58994.462766	0.01389	12.874	12.863	12.885	19.37949	V	m15_data/M15-2_20200525_110623_d169_Nickel_V_c.fit
58994.460012	0.125	14.1	14.079	14.121	20.62134	B	m15_data/M15-2_20200525_110225_d168_Nickel_B_c.fit
58994.458843	0.04167	14.117	14.094	14.14	20.23117	B	m15_data/M15-2_20200525_110044_d167_Nickel_B_c.fit
58994.458148	0.01389	14.129	14.106	14.152	19.53578	B	m15_data/M15-2_20200525_105944_d166_Nickel_B_c.fit
58990.48978	0.125	12.852	12.844	12.86	19.62537	V	m15_data/M15-2_20200521_114517_d202_Nickel_V_c.fit
58990.488704	0.04167	13.314	13.257	13.371	19.30825	V	m15_data/M15-2_20200521_114344_d201_Nickel_V_c.fit
58990.488056	0.01389	13.606	13.534	13.678	18.94675	V	m15_data/M15-2_20200521_114248_d200_Nickel_V_c.fit
58856.096331	0.125	12.809	12.804	12.814	18.78153	V	m15_data/M15-2_20200108_021843_d136_Nickel_V_c.fit
58856.095231	0.04167	12.8	12.795	12.805	18.0702	V	m15_data/M15-2_20200108_021708_d135_Nickel_V_c.fit
58856.09441	0.01389	12.805	12.796	12.814	17.62693	V	m15_data/M15-2_20200108_021557_d134_Nickel_V_c.fit
58856.092639	0.04167	13.964	13.954	13.974	18.21183	B	m15_data/M15-2_20200108_021324_d133_Nickel_B_c.fit
58856.090764	0.01389	13.917	13.898	13.936	17.89375	B	m15_data/M15-2_20200108_021042_d132_Nickel_B_c.fit
58805.183831	0.125	12.788	12.783	12.793	19.82339	V	m15_data/M15-2_20191118_042443_d163_Nickel_V_c.fit
58805.182662	0.04167	12.792	12.784	12.8	19.45414	V	m15_data/M15-2_20191118_042302_d162_Nickel_V_c.fit
58805.182049	0.01389	12.787	12.777	12.797	19.02292	V	m15_data/M15-2_20191118_042209_d161_Nickel_V_c.fit
58805.093241	0.125	12.796	12.783	12.809	20.13889	V	m15_data/M15-2_20191118_021416_d135_Nickel_V_c.fit
58805.092153	0.04167	12.808	12.795	12.821	19.95318	V	m15_data/M15-2_20191118_021242_d134_Nickel_V_c.fit
58805.091528	0.01389	12.805	12.792	12.818	19.20421	V	m15_data/M15-2_20191118_021148_d133_Nickel_V_c.fit
58794.13875	0.125	12.813	12.801	12.825	19.97627	V	m15_data/M15-2_20191107_031948_d138_Nickel_V_c.fit
58794.12544	0.04167	12.825	12.811	12.839	19.65625	V	m15_data/M15-2_20191107_030038_d136_Nickel_V_c.fit
58794.124583	0.01389	12.826	12.813	12.839	19.02498	V	m15_data/M15-2_20191107_025924_d135_Nickel_V_c.fit
58792.132975	0.125	12.827	12.81	12.844	20.04621	V	m15_data/M15-2_20191105_031129_d150_Nickel_V_c.fit
58792.131748	0.04167	12.843	12.827	12.859	19.85055	V	m15_data/M15-2_20191105_030943_d149_Nickel_V_c.fit
58792.129884	0.04167	12.839	12.822	12.856	19.72888	V	m15_data/M15-2_20191105_030702_d148_Nickel_V_c.fit
58789.280856	0.125	12.81	12.797	12.823	19.91999	V	m15_data/M15-2_20191102_064426_d170_Nickel_V_c.fit
58789.278634	0.04167	12.795	12.781	12.809	19.66331	V	m15_data/M15-2_20191102_064114_d169_Nickel_V_c.fit
58789.277685	0.01389	12.815	12.799	12.831	19.19993	V	m15_data/M15-2_20191102_063952_d168_Nickel_V_c.fit
58789.18287	0.125	13.339	13.266	13.412	20.13618	V	m15_data/M15-2_20191102_042320_d150_Nickel_V_c.fit
58789.181493	0.04167	13.811	13.701	13.921	19.88469	V	m15_data/M15-2_20191102_042121_d149_Nickel_V_c.fit
58789.180197	0.01389	13.725	13.598	13.852	19.44751	V	m15_data/M15-2_20191102_041929_d148_Nickel_V_c.fit
58788.162905	0.125	12.803	12.798	12.808	19.85433	V	m15_data/M15-2_20191101_035435_d157_Nickel_V_c.fit
58788.161829	0.04167	12.798	12.789	12.807	19.54063	V	m15_data/M15-2_20191101_035302_d156_Nickel_V_c.fit
58788.161181	0.01389	12.825	12.814	12.836	19.18178	V	m15_data/M15-2_20191101_035206_d155_Nickel_V_c.fit
58779.246875	0.125	12.814	12.809	12.819	19.83974	V	m15_data/M15-2_20191023_055530_d140_Nickel_V_c.fit
58779.245706	0.04167	12.801	12.794	12.808	19.40467	V	m15_data/M15-2_20191023_055349_d139_Nickel_V_c.fit
58779.245023	0.01389	12.826	12.816	12.836	19.08127	V	m15_data/M15-2_20191023_055250_d138_Nickel_V_c.fit
58775.258148	0.125	12.809	12.804	12.814	19.87327	V	m15_data/M15-2_20191019_061144_d145_Nickel_V_c.fit
58775.256389	0.04167	12.826	12.821	12.831	19.01542	V	m15_data/M15-2_20191019_060912_d144_Nickel_V_c.fit
58775.254988	0.01389	12.816	12.807	12.825	18.41049	V	m15_data/M15-2_20191019_060711_d143_Nickel_V_c.fit
58769.344884	0.125	12.806	12.795	12.817	19.35098	V	m15_data/M15-2_20191013_081638_d306_Nickel_V_c.fit
58769.343785	0.04167	12.815	12.804	12.826	18.88124	V	m15_data/M15-2_20191013_081503_d305_Nickel_V_c.fit
58769.342627	0.01389	12.786	12.774	12.798	18.34464	V	m15_data/M15-2_20191013_081323_d304_Nickel_V_c.fit
58768.306377	0.125	12.773	12.759	12.787	19.51175	V	m15_data/M15-2_20191012_072111_d181_Nickel_V_c.fit
58768.305231	0.04167	12.775	12.764	12.786	18.99461	V	m15_data/M15-2_20191012_071932_d180_Nickel_V_c.fit
58768.30434	0.01389	12.794	12.78	12.808	18.36645	V	m15_data/M15-2_20191012_071815_d179_Nickel_V_c.fit
58763.218843	0.125	12.781	12.77	12.792	18.3588	V	m15_data/M15-2_20191007_051508_d142_Nickel_V_c.fit
58763.216678	0.04167	12.781	12.767	12.795	19.5419	V	m15_data/M15-2_20191007_051201_d141_Nickel_V_c.fit
58763.216019	0.01389	12.79	12.777	12.803	19.04673	V	m15_data/M15-2_20191007_051104_d140_Nickel_V_c.fit
58759.212986	0.125	12.801	12.795	12.807	19.84815	V	m15_data/M15-2_20191003_050642_d142_Nickel_V_c.fit
58759.211678	0.04167	12.802	12.789	12.815	19.62649	V	m15_data/M15-2_20191003_050449_d141_Nickel_V_c.fit
58759.211042	0.01389	12.807	12.792	12.822	19.15427	V	m15_data/M15-2_20191003_050354_d140_Nickel_V_c.fit
58751.215417	0.125	12.837	12.823	12.851	20.1931	V	m15_data/M15-2_20190925_051012_d150_Nickel_V_c.fit
58751.214155	0.04167	12.848	12.834	12.862	19.93699	V	m15_data/M15-2_20190925_050823_d149_Nickel_V_c.fit
58751.213391	0.01389	12.845	12.833	12.857	19.42878	V	m15_data/M15-2_20190925_050717_d148_Nickel_V_c.fit
58746.378009	0.125	12.818	12.813	12.823	18.94421	V	m15_data/M15-2_20190920_090420_d133_Nickel_V_c.fit
58746.376273	0.04167	12.774	12.762	12.786	18.22861	V	m15_data/M15-2_20190920_090150_d132_Nickel_V_c.fit
58746.375671	0.01389	12.784	12.762	12.806	16.99671	V	m15_data/M15-2_20190920_090058_d131_Nickel_V_c.fit
58738.252338	0.125	12.799	12.794	12.804	19.425	V	m15_data/M15-2_20190912_060322_d162_Nickel_V_c.fit
58738.251181	0.04167	12.814	12.803	12.825	19.01521	V	m15_data/M15-2_20190912_060142_d161_Nickel_V_c.fit
58738.25015	0.01389	12.782	12.771	12.793	18.25944	V	m15_data/M15-2_20190912_060013_d160_Nickel_V_c.fit
58735.297986	0.125	12.824	12.819	12.829	19.41652	V	m15_data/M15-2_20190909_070906_d158_Nickel_V_c.fit
58735.29691	0.04167	12.808	12.802	12.814	19.21422	V	m15_data/M15-2_20190909_070733_d157_Nickel_V_c.fit
58735.295486	0.01389	12.801	12.79	12.812	18.61344	V	m15_data/M15-2_20190909_070530_d156_Nickel_V_c.fit
58731.364595	0.125	12.827	12.814	12.84	20.26202	V	m15_data/M15-2_20190905_084501_d190_Nickel_V_c.fit
58731.362905	0.04167	12.831	12.819	12.843	19.91546	V	m15_data/M15-2_20190905_084235_d189_Nickel_V_c.fit
58731.362257	0.01389	12.828	12.817	12.839	19.24969	V	m15_data/M15-2_20190905_084139_d188_Nickel_V_c.fit
58728.185729	0.08333	12.821	12.813	12.829	19.93481	V	m15_data/M15-2_20190902_042727_d158_Nickel_V_c.fit
58728.184664	0.04167	12.819	12.811	12.827	19.67293	V	m15_data/M15-2_20190902_042555_d157_Nickel_V_c.fit
58728.183935	0.01389	12.814	12.804	12.824	19.00137	V	m15_data/M15-2_20190902_042452_d156_Nickel_V_c.fit
58724.245995	0.125	12.833	12.828	12.838	19.77139	V	m15_data/M15-2_20190829_055414_d159_Nickel_V_c.fit
58724.244919	0.04167	12.825	12.82	12.83	19.5285	V	m15_data/M15-2_20190829_055241_d158_Nickel_V_c.fit
58724.244282	0.01389	12.802	12.79	12.814	19.12079	V	m15_data/M15-2_20190829_055146_d157_Nickel_V_c.fit
58721.30662	0.125	12.806	12.8	12.812	20.1164	V	m15_data/M15-2_20190826_072132_d152_Nickel_V_c.fit
58721.304954	0.04167	12.811	12.791	12.831	19.79605	V	m15_data/M15-2_20190826_071908_d151_Nickel_V_c.fit
58721.304248	0.01389	12.804	12.787	12.821	19.21702	V	m15_data/M15-2_20190826_071807_d150_Nickel_V_c.fit
58713.312604	0.125	12.81	12.805	12.815	19.71924	V	m15_data/M15-2_20190818_073009_d153_Nickel_V_c.fit
58713.311042	0.04167	12.804	12.794	12.814	19.33038	V	m15_data/M15-2_20190818_072754_d152_Nickel_V_c.fit
58713.310035	0.01389	12.811	12.8	12.822	18.68891	V	m15_data/M15-2_20190818_072627_d151_Nickel_V_c.fit
58708.294803	0.125	12.816	12.81	12.822	19.37082	V	m15_data/M15-2_20190813_070431_d163_Nickel_V_c.fit
58708.293079	0.04167	12.803	12.797	12.809	19.06756	V	m15_data/M15-2_20190813_070202_d162_Nickel_V_c.fit
58708.291875	0.01389	12.812	12.799	12.825	18.54882	V	m15_data/M15-2_20190813_070018_d161_Nickel_V_c.fit
58697.33603	0.125	12.851	12.846	12.856	19.13467	V	m15_data/M15-2_20190802_080353_d162_Nickel_V_c.fit
58697.33478	0.04167	12.856	12.851	12.861	18.91659	V	m15_data/M15-2_20190802_080205_d161_Nickel_V_c.fit
58697.334016	0.01389	12.829	12.823	12.835	18.36974	V	m15_data/M15-2_20190802_080059_d160_Nickel_V_c.fit
58694.35397	0.04167	12.842	12.83	12.854	19.49787	V	m15_data/M15-2_20190730_082943_d140_Nickel_V_c.fit
58694.353333	0.01389	12.818	12.805	12.831	18.91952	V	m15_data/M15-2_20190730_082848_d139_Nickel_V_c.fit
58690.317986	0.125	12.835	12.829	12.841	19.98899	V	m15_data/M15-2_20190726_073754_d169_Nickel_V_c.fit
58690.316667	0.04167	12.833	12.821	12.845	19.73802	V	m15_data/M15-2_20190726_073600_d168_Nickel_V_c.fit
58690.315613	0.01389	12.843	12.83	12.856	19.24439	V	m15_data/M15-2_20190726_073429_d167_Nickel_V_c.fit
58683.318287	0.125	12.797	12.787	12.807	19.66294	V	m15_data/M15-2_20190719_073820_d146_Nickel_V_c.fit
58683.317072	0.04167	12.801	12.789	12.813	19.27058	V	m15_data/M15-2_20190719_073635_d145_Nickel_V_c.fit
58683.3164	0.01389	12.793	12.784	12.802	18.70079	V	m15_data/M15-2_20190719_073537_d144_Nickel_V_c.fit
58676.37478	0.125	12.817	12.811	12.823	20.08058	V	m15_data/M15-2_20190712_085941_d164_Nickel_V_c.fit
58676.373056	0.04167	12.826	12.806	12.846	19.84286	V	m15_data/M15-2_20190712_085712_d163_Nickel_V_c.fit
58676.372269	0.01389	12.825	12.806	12.844	19.33248	V	m15_data/M15-2_20190712_085604_d162_Nickel_V_c.fit
58672.475347	0.125	12.856	12.85	12.862	20.00678	V	m15_data/M15-2_20190708_112430_d213_Nickel_V_c.fit
58672.473981	0.04167	12.862	12.85	12.874	19.79792	V	m15_data/M15-2_20190708_112232_d212_Nickel_V_c.fit
58672.47316	0.01389	12.864	12.853	12.875	19.14796	V	m15_data/M15-2_20190708_112121_d211_Nickel_V_c.fit
58672.292373	0.125	12.888	12.883	12.893	18.82653	V	m15_data/M15-2_20190708_070101_d164_Nickel_V_c.fit
58672.291296	0.04167	12.881	12.875	12.887	18.44368	V	m15_data/M15-2_20190708_065928_d163_Nickel_V_c.fit
58672.290671	0.01389	12.861	12.851	12.871	17.99934	V	m15_data/M15-2_20190708_065834_d162_Nickel_V_c.fit
58664.402072	0.125	12.836	12.83	12.842	18.03373	V	m15_data/M15-2_20190630_093859_d191_Nickel_V_c.fit
58664.401007	0.04167	12.849	12.838	12.86	18.50719	V	m15_data/M15-2_20190630_093727_d190_Nickel_V_c.fit
58664.400324	0.01389	12.815	12.798	12.832	17.66684	V	m15_data/M15-2_20190630_093628_d189_Nickel_V_c.fit
58661.380278	0.01389	12.952	12.945	12.959	17.30476	V	m15_data/M15-2_20190627_090736_d145_Nickel_V_c.fit
58658.39	0.125	12.813	12.802	12.824	19.86893	V	m15_data/M15-2_20190624_092136_d133_Nickel_V_c.fit
58658.387512	0.01389	12.826	12.814	12.838	18.94969	V	m15_data/M15-2_20190624_091801_d131_Nickel_V_c.fit
58653.40309	0.125	12.809	12.796	12.822	19.82533	V	m15_data/M15-2_20190619_094027_d175_Nickel_V_c.fit
58653.401921	0.04167	12.824	12.809	12.839	19.70443	V	m15_data/M15-2_20190619_093846_d174_Nickel_V_c.fit
58653.399977	0.04167	12.801	12.79	12.812	19.43965	V	m15_data/M15-2_20190619_093558_d173_Nickel_V_c.fit
58653.399363	0.01389	12.833	12.815	12.851	19.15619	V	m15_data/M15-2_20190619_093505_d172_Nickel_V_c.fit
