;; MJD	etburst	mag	-emag	+emag	limmag	filter	imagename
59058.467743	0.125	13.001	12.991	13.011	19.96769	V	m15_data/M15-2_20200728_111333_d228_Nickel_V_c.fit
59058.466412	0.04167	13.013	13.004	13.022	19.60491	V	m15_data/M15-2_20200728_111138_d227_Nickel_V_c.fit
59058.46537	0.01389	12.931	12.921	12.941	19.36945	V	m15_data/M15-2_20200728_111008_d226_Nickel_V_c.fit
59058.436493	0.125	12.934	12.929	12.939	20.22817	V	m15_data/M15-2_20200728_102833_d208_Nickel_V_c.fit
59058.435405	0.04167	12.981	12.971	12.991	19.89073	V	m15_data/M15-2_20200728_102659_d207_Nickel_V_c.fit
59058.434491	0.01389	12.927	12.917	12.937	19.61413	V	m15_data/M15-2_20200728_102540_d206_Nickel_V_c.fit
59058.398889	0.125	12.937	12.932	12.942	20.18331	V	m15_data/M15-2_20200728_093424_d192_Nickel_V_c.fit
59058.397801	0.04167	12.951	12.946	12.956	19.8649	V	m15_data/M15-2_20200728_093250_d191_Nickel_V_c.fit
59058.396979	0.01389	12.934	12.926	12.942	19.49768	V	m15_data/M15-2_20200728_093139_d190_Nickel_V_c.fit
59058.364988	0.125	12.936	12.931	12.941	20.6414	V	m15_data/M15-2_20200728_084535_d176_Nickel_V_c.fit
59058.3639	0.04167	12.927	12.922	12.932	20.32311	V	m15_data/M15-2_20200728_084401_d175_Nickel_V_c.fit
59058.36316	0.01389	12.921	12.911	12.931	19.69473	V	m15_data/M15-2_20200728_084257_d174_Nickel_V_c.fit
59058.345521	0.125	12.932	12.927	12.937	20.2971	V	m15_data/M15-2_20200728_081733_d164_Nickel_V_c.fit
59058.344433	0.04167	12.923	12.918	12.928	20.01965	V	m15_data/M15-2_20200728_081559_d163_Nickel_V_c.fit
59058.343773	0.01389	12.923	12.915	12.931	19.50622	V	m15_data/M15-2_20200728_081502_d162_Nickel_V_c.fit
59058.326505	0.125	12.947	12.94	12.954	20.12911	V	m15_data/M15-2_20200728_075010_d152_Nickel_V_c.fit
59058.325417	0.04167	12.941	12.936	12.946	19.88122	V	m15_data/M15-2_20200728_074836_d151_Nickel_V_c.fit
59058.324792	0.01389	12.932	12.923	12.941	19.27298	V	m15_data/M15-2_20200728_074742_d150_Nickel_V_c.fit
59054.335255	0.125	13.057	13.047	13.067	19.79953	V	m15_data/M15-2_20200724_080246_d169_Nickel_V_c.fit
59054.333738	0.04167	13.034	13.023	13.045	19.57638	V	m15_data/M15-2_20200724_080035_d168_Nickel_V_c.fit
59054.332407	0.01389	13.044	13.037	13.051	18.61514	V	m15_data/M15-2_20200724_075840_d167_Nickel_V_c.fit
59051.331458	0.125	13.02	13.011	13.029	20.17117	V	m15_data/M15-2_20200721_075718_d150_Nickel_V_c.fit
59051.330185	0.04167	12.968	12.963	12.973	19.8559	V	m15_data/M15-2_20200721_075528_d149_Nickel_V_c.fit
59051.32956	0.01389	12.959	12.951	12.967	19.40358	V	m15_data/M15-2_20200721_075434_d148_Nickel_V_c.fit
59043.354873	0.125	12.984	12.976	12.992	20.01925	V	m15_data/M15-2_20200713_083101_d185_Nickel_V_c.fit
59043.353414	0.04167	13.01	13.0	13.02	19.73089	V	m15_data/M15-2_20200713_082855_d184_Nickel_V_c.fit
59043.350625	0.01389	13.024	13.012	13.036	19.02028	V	m15_data/M15-2_20200713_082454_d183_Nickel_V_c.fit
59039.41022	0.125	12.965	12.96	12.97	19.91984	V	m15_data/M15-2_20200709_095043_d173_Nickel_V_c.fit
59039.409016	0.04167	12.969	12.964	12.974	19.46878	V	m15_data/M15-2_20200709_094859_d172_Nickel_V_c.fit
59039.408102	0.01389	12.974	12.965	12.983	18.82401	V	m15_data/M15-2_20200709_094740_d171_Nickel_V_c.fit
59039.405937	0.01389	12.981	12.971	12.991	18.80156	V	m15_data/M15-2_20200709_094433_d170_Nickel_V_c.fit
59030.454745	0.04167	14.398	14.382	14.414	20.13397	B	m15_data/M15-2_20200630_105450_d186_Nickel_B_c.fit
59030.450428	0.01389	12.93	12.922	12.938	19.58975	V	m15_data/M15-2_20200630_104837_d183_Nickel_V_c.fit
59026.453715	0.125	13.032	13.02	13.044	19.99365	V	m15_data/M15-2_20200626_105321_d157_Nickel_V_c.fit
59026.451863	0.04167	13.032	13.018	13.046	19.75916	V	m15_data/M15-2_20200626_105041_d156_Nickel_V_c.fit
59026.450324	0.01389	12.971	12.964	12.978	19.16855	V	m15_data/M15-2_20200626_104828_d155_Nickel_V_c.fit
59022.394792	0.125	13.044	13.033	13.055	19.87436	V	m15_data/M15-2_20200622_092830_d136_Nickel_V_c.fit
59022.393264	0.04167	13.034	13.024	13.044	19.68844	V	m15_data/M15-2_20200622_092618_d135_Nickel_V_c.fit
59022.392569	0.01389	12.974	12.965	12.983	19.16591	V	m15_data/M15-2_20200622_092518_d134_Nickel_V_c.fit
59018.437037	0.125	13.055	13.046	13.064	19.72726	V	m15_data/M15-2_20200618_102920_d197_Nickel_V_c.fit
59018.434525	0.04167	13.036	13.026	13.046	19.62441	V	m15_data/M15-2_20200618_102543_d196_Nickel_V_c.fit
59018.433843	0.01389	13.023	13.016	13.03	18.94782	V	m15_data/M15-2_20200618_102444_d195_Nickel_V_c.fit
58994.493009	0.04167	12.136	12.129	12.143	19.74037	R	m15_data/M15-2_20200525_114956_d187_Nickel_R_c.fit
58994.465451	0.125	12.935	12.93	12.94	20.44876	V	m15_data/M15-2_20200525_111015_d171_Nickel_V_c.fit
58994.464016	0.04167	12.92	12.914	12.926	19.97351	V	m15_data/M15-2_20200525_110811_d170_Nickel_V_c.fit
58994.462766	0.01389	12.919	12.912	12.926	19.37949	V	m15_data/M15-2_20200525_110623_d169_Nickel_V_c.fit
58994.460012	0.125	14.383	14.371	14.395	20.62189	B	m15_data/M15-2_20200525_110225_d168_Nickel_B_c.fit
58994.458843	0.04167	14.366	14.352	14.38	20.2345	B	m15_data/M15-2_20200525_110044_d167_Nickel_B_c.fit
58994.458148	0.01389	14.317	14.304	14.33	19.53578	B	m15_data/M15-2_20200525_105944_d166_Nickel_B_c.fit
58990.48978	0.125	13.004	12.997	13.011	19.6306	V	m15_data/M15-2_20200521_114517_d202_Nickel_V_c.fit
58990.488704	0.04167	12.992	12.984	13.0	19.30825	V	m15_data/M15-2_20200521_114344_d201_Nickel_V_c.fit
58990.488056	0.01389	12.939	12.932	12.946	18.94675	V	m15_data/M15-2_20200521_114248_d200_Nickel_V_c.fit
58974.502685	0.125	13.0	12.988	13.012	19.41544	V	m15_data/M15-2_20200505_120352_d192_Nickel_V_c.fit
58974.50103	0.04167	12.908	12.903	12.913	19.43898	V	m15_data/M15-2_20200505_120129_d191_Nickel_V_c.fit
58974.499838	0.01389	12.948	12.942	12.954	18.68586	V	m15_data/M15-2_20200505_115946_d190_Nickel_V_c.fit
58805.183831	0.125	13.004	12.995	13.013	19.83228	V	m15_data/M15-2_20191118_042443_d163_Nickel_V_c.fit
58805.182662	0.04167	12.989	12.98	12.998	19.45403	V	m15_data/M15-2_20191118_042302_d162_Nickel_V_c.fit
58805.182049	0.01389	12.984	12.978	12.99	19.0197	V	m15_data/M15-2_20191118_042209_d161_Nickel_V_c.fit
58805.093241	0.125	12.982	12.972	12.992	20.14323	V	m15_data/M15-2_20191118_021416_d135_Nickel_V_c.fit
58805.092153	0.04167	12.913	12.907	12.919	19.95318	V	m15_data/M15-2_20191118_021242_d134_Nickel_V_c.fit
58805.091528	0.01389	12.984	12.977	12.991	19.21021	V	m15_data/M15-2_20191118_021148_d133_Nickel_V_c.fit
58794.13875	0.125	12.915	12.91	12.92	19.97794	V	m15_data/M15-2_20191107_031948_d138_Nickel_V_c.fit
58794.12544	0.04167	12.892	12.886	12.898	19.65625	V	m15_data/M15-2_20191107_030038_d136_Nickel_V_c.fit
58794.124583	0.01389	12.888	12.88	12.896	19.02498	V	m15_data/M15-2_20191107_025924_d135_Nickel_V_c.fit
58792.132975	0.125	12.885	12.868	12.902	20.06476	V	m15_data/M15-2_20191105_031129_d150_Nickel_V_c.fit
58792.131748	0.04167	12.905	12.898	12.912	19.85055	V	m15_data/M15-2_20191105_030943_d149_Nickel_V_c.fit
58792.129884	0.04167	12.905	12.899	12.911	19.72888	V	m15_data/M15-2_20191105_030702_d148_Nickel_V_c.fit
58789.280856	0.125	12.955	12.945	12.965	19.92322	V	m15_data/M15-2_20191102_064426_d170_Nickel_V_c.fit
58789.278634	0.04167	12.894	12.889	12.899	19.6612	V	m15_data/M15-2_20191102_064114_d169_Nickel_V_c.fit
58789.277685	0.01389	12.889	12.881	12.897	19.19993	V	m15_data/M15-2_20191102_063952_d168_Nickel_V_c.fit
58789.18287	0.125	12.91	12.906	12.914	20.13729	V	m15_data/M15-2_20191102_042320_d150_Nickel_V_c.fit
58789.181493	0.04167	12.902	12.898	12.906	19.89113	V	m15_data/M15-2_20191102_042121_d149_Nickel_V_c.fit
58789.180197	0.01389	12.899	12.893	12.905	19.44751	V	m15_data/M15-2_20191102_041929_d148_Nickel_V_c.fit
58788.162905	0.125	12.983	12.975	12.991	19.86422	V	m15_data/M15-2_20191101_035435_d157_Nickel_V_c.fit
58788.161829	0.04167	12.976	12.968	12.984	19.5424	V	m15_data/M15-2_20191101_035302_d156_Nickel_V_c.fit
58788.161181	0.01389	12.965	12.959	12.971	19.18089	V	m15_data/M15-2_20191101_035206_d155_Nickel_V_c.fit
58779.246875	0.125	12.975	12.967	12.983	19.86063	V	m15_data/M15-2_20191023_055530_d140_Nickel_V_c.fit
58779.245706	0.04167	12.97	12.961	12.979	19.40889	V	m15_data/M15-2_20191023_055349_d139_Nickel_V_c.fit
58779.245023	0.01389	12.94	12.934	12.946	19.07861	V	m15_data/M15-2_20191023_055250_d138_Nickel_V_c.fit
58775.258148	0.125	12.976	12.968	12.984	19.88794	V	m15_data/M15-2_20191019_061144_d145_Nickel_V_c.fit
58775.256389	0.04167	12.99	12.983	12.997	19.02931	V	m15_data/M15-2_20191019_060912_d144_Nickel_V_c.fit
58775.254988	0.01389	12.98	12.973	12.987	18.41649	V	m15_data/M15-2_20191019_060711_d143_Nickel_V_c.fit
58763.218843	0.125	12.971	12.964	12.978	18.35536	V	m15_data/M15-2_20191007_051508_d142_Nickel_V_c.fit
58763.216678	0.04167	12.934	12.929	12.939	19.53901	V	m15_data/M15-2_20191007_051201_d141_Nickel_V_c.fit
58763.216019	0.01389	12.97	12.964	12.976	19.0405	V	m15_data/M15-2_20191007_051104_d140_Nickel_V_c.fit
58759.212986	0.125	13.024	13.013	13.035	19.84881	V	m15_data/M15-2_20191003_050642_d142_Nickel_V_c.fit
58759.211678	0.04167	13.011	12.999	13.023	19.62994	V	m15_data/M15-2_20191003_050449_d141_Nickel_V_c.fit
58759.211042	0.01389	12.967	12.96	12.974	19.15672	V	m15_data/M15-2_20191003_050354_d140_Nickel_V_c.fit
58751.215417	0.125	12.923	12.919	12.927	20.20155	V	m15_data/M15-2_20190925_051012_d150_Nickel_V_c.fit
58751.214155	0.04167	12.923	12.918	12.928	19.94554	V	m15_data/M15-2_20190925_050823_d149_Nickel_V_c.fit
58751.213391	0.01389	12.936	12.929	12.943	19.42878	V	m15_data/M15-2_20190925_050717_d148_Nickel_V_c.fit
58738.252338	0.125	12.978	12.969	12.987	19.428	V	m15_data/M15-2_20190912_060322_d162_Nickel_V_c.fit
58738.251181	0.04167	12.981	12.973	12.989	19.01532	V	m15_data/M15-2_20190912_060142_d161_Nickel_V_c.fit
58738.25015	0.01389	12.941	12.934	12.948	18.28666	V	m15_data/M15-2_20190912_060013_d160_Nickel_V_c.fit
58735.297986	0.125	13.031	13.021	13.041	19.42197	V	m15_data/M15-2_20190909_070906_d158_Nickel_V_c.fit
58735.29691	0.04167	13.01	12.999	13.021	19.20966	V	m15_data/M15-2_20190909_070733_d157_Nickel_V_c.fit
58735.295486	0.01389	12.995	12.988	13.002	18.61533	V	m15_data/M15-2_20190909_070530_d156_Nickel_V_c.fit
58731.364595	0.125	12.926	12.921	12.931	20.27002	V	m15_data/M15-2_20190905_084501_d190_Nickel_V_c.fit
58731.362905	0.04167	12.931	12.926	12.936	19.92268	V	m15_data/M15-2_20190905_084235_d189_Nickel_V_c.fit
58731.362257	0.01389	12.977	12.97	12.984	19.25636	V	m15_data/M15-2_20190905_084139_d188_Nickel_V_c.fit
58713.312604	0.125	12.989	12.98	12.998	19.71924	V	m15_data/M15-2_20190818_073009_d153_Nickel_V_c.fit
58713.311042	0.04167	12.977	12.967	12.987	19.33549	V	m15_data/M15-2_20190818_072754_d152_Nickel_V_c.fit
58713.310035	0.01389	12.96	12.953	12.967	18.69391	V	m15_data/M15-2_20190818_072627_d151_Nickel_V_c.fit
58708.294803	0.125	13.031	13.019	13.043	19.37982	V	m15_data/M15-2_20190813_070431_d163_Nickel_V_c.fit
58708.293079	0.04167	13.008	12.998	13.018	19.05756	V	m15_data/M15-2_20190813_070202_d162_Nickel_V_c.fit
58708.291875	0.01389	12.992	12.985	12.999	18.54337	V	m15_data/M15-2_20190813_070018_d161_Nickel_V_c.fit
58697.33603	0.125	13.085	13.075	13.095	19.13922	V	m15_data/M15-2_20190802_080353_d162_Nickel_V_c.fit
58697.33478	0.04167	13.069	13.06	13.078	18.91892	V	m15_data/M15-2_20190802_080205_d161_Nickel_V_c.fit
58697.334016	0.01389	13.066	13.059	13.073	18.34241	V	m15_data/M15-2_20190802_080059_d160_Nickel_V_c.fit
58694.35397	0.04167	13.059	13.044	13.074	19.49787	V	m15_data/M15-2_20190730_082943_d140_Nickel_V_c.fit
58694.353333	0.01389	13.036	13.027	13.045	18.92641	V	m15_data/M15-2_20190730_082848_d139_Nickel_V_c.fit
58690.317986	0.125	13.006	12.997	13.015	20.00122	V	m15_data/M15-2_20190726_073754_d169_Nickel_V_c.fit
58690.316667	0.04167	12.992	12.983	13.001	19.74736	V	m15_data/M15-2_20190726_073600_d168_Nickel_V_c.fit
58690.315613	0.01389	12.952	12.947	12.957	19.25317	V	m15_data/M15-2_20190726_073429_d167_Nickel_V_c.fit
58683.318287	0.125	12.993	12.985	13.001	19.66839	V	m15_data/M15-2_20190719_073820_d146_Nickel_V_c.fit
58683.317072	0.04167	12.985	12.977	12.993	19.27825	V	m15_data/M15-2_20190719_073635_d145_Nickel_V_c.fit
58683.3164	0.01389	12.961	12.954	12.968	18.69935	V	m15_data/M15-2_20190719_073537_d144_Nickel_V_c.fit
58676.37478	0.125	13.014	13.002	13.026	20.08491	V	m15_data/M15-2_20190712_085941_d164_Nickel_V_c.fit
58676.373056	0.04167	12.94	12.934	12.946	19.84763	V	m15_data/M15-2_20190712_085712_d163_Nickel_V_c.fit
58676.372269	0.01389	12.933	12.923	12.943	19.33248	V	m15_data/M15-2_20190712_085604_d162_Nickel_V_c.fit
58672.475347	0.125	13.029	13.021	13.037	20.00311	V	m15_data/M15-2_20190708_112430_d213_Nickel_V_c.fit
58672.473981	0.04167	12.977	12.972	12.982	19.80226	V	m15_data/M15-2_20190708_112232_d212_Nickel_V_c.fit
58672.47316	0.01389	13.002	12.996	13.008	19.16218	V	m15_data/M15-2_20190708_112121_d211_Nickel_V_c.fit
58672.292373	0.125	13.099	13.091	13.107	18.83008	V	m15_data/M15-2_20190708_070101_d164_Nickel_V_c.fit
58672.291296	0.04167	13.072	13.063	13.081	18.44557	V	m15_data/M15-2_20190708_065928_d163_Nickel_V_c.fit
58672.290671	0.01389	13.054	13.047	13.061	17.99134	V	m15_data/M15-2_20190708_065834_d162_Nickel_V_c.fit
58664.402072	0.125	13.013	13.006	13.02	18.01706	V	m15_data/M15-2_20190630_093859_d191_Nickel_V_c.fit
58664.401007	0.04167	13.007	13.0	13.014	18.49297	V	m15_data/M15-2_20190630_093727_d190_Nickel_V_c.fit
58664.400324	0.01389	12.993	12.984	13.002	17.68028	V	m15_data/M15-2_20190630_093628_d189_Nickel_V_c.fit
58658.39	0.125	12.993	12.984	13.002	19.86904	V	m15_data/M15-2_20190624_092136_d133_Nickel_V_c.fit
58658.388137	0.04167	12.977	12.967	12.987	19.50862	V	m15_data/M15-2_20190624_091855_d132_Nickel_V_c.fit
58658.387512	0.01389	12.922	12.914	12.93	18.94969	V	m15_data/M15-2_20190624_091801_d131_Nickel_V_c.fit
58653.40309	0.125	12.986	12.977	12.995	19.83399	V	m15_data/M15-2_20190619_094027_d175_Nickel_V_c.fit
58653.401921	0.04167	12.903	12.896	12.91	19.70443	V	m15_data/M15-2_20190619_093846_d174_Nickel_V_c.fit
58653.399977	0.04167	12.985	12.972	12.998	19.43999	V	m15_data/M15-2_20190619_093558_d173_Nickel_V_c.fit
58653.399363	0.01389	12.893	12.884	12.902	19.15619	V	m15_data/M15-2_20190619_093505_d172_Nickel_V_c.fit
