;; MJD	etburst	mag	-emag	+emag	limmag	filter	imagename
59058.467743	0.125	15.335	15.327	15.343	19.96769	V	m15_data/M15-2_20200728_111333_d228_Nickel_V_c.fit
59058.466412	0.04167	15.279	15.269	15.289	19.60491	V	m15_data/M15-2_20200728_111138_d227_Nickel_V_c.fit
59058.46537	0.01389	15.283	15.27	15.296	19.36178	V	m15_data/M15-2_20200728_111008_d226_Nickel_V_c.fit
59058.436493	0.125	15.212	15.205	15.219	20.22717	V	m15_data/M15-2_20200728_102833_d208_Nickel_V_c.fit
59058.435405	0.04167	15.225	15.216	15.234	19.89073	V	m15_data/M15-2_20200728_102659_d207_Nickel_V_c.fit
59058.434491	0.01389	15.202	15.192	15.212	19.60624	V	m15_data/M15-2_20200728_102540_d206_Nickel_V_c.fit
59058.398889	0.125	15.771	15.764	15.778	20.18587	V	m15_data/M15-2_20200728_093424_d192_Nickel_V_c.fit
59058.397801	0.04167	15.819	15.81	15.828	19.86601	V	m15_data/M15-2_20200728_093250_d191_Nickel_V_c.fit
59058.396979	0.01389	15.847	15.831	15.863	19.49179	V	m15_data/M15-2_20200728_093139_d190_Nickel_V_c.fit
59058.364988	0.125	16.195	16.186	16.204	20.63962	V	m15_data/M15-2_20200728_084535_d176_Nickel_V_c.fit
59058.3639	0.04167	16.207	16.195	16.219	20.32189	V	m15_data/M15-2_20200728_084401_d175_Nickel_V_c.fit
59058.36316	0.01389	16.189	16.169	16.209	19.69573	V	m15_data/M15-2_20200728_084257_d174_Nickel_V_c.fit
59058.345521	0.125	16.198	16.19	16.206	20.29821	V	m15_data/M15-2_20200728_081733_d164_Nickel_V_c.fit
59058.344433	0.04167	16.199	16.189	16.209	20.01998	V	m15_data/M15-2_20200728_081559_d163_Nickel_V_c.fit
59058.343773	0.01389	16.187	16.167	16.207	19.506	V	m15_data/M15-2_20200728_081502_d162_Nickel_V_c.fit
59058.326505	0.125	16.159	16.15	16.168	20.12911	V	m15_data/M15-2_20200728_075010_d152_Nickel_V_c.fit
59058.325417	0.04167	16.147	16.135	16.159	19.87866	V	m15_data/M15-2_20200728_074836_d151_Nickel_V_c.fit
59058.324792	0.01389	16.135	16.118	16.152	19.27998	V	m15_data/M15-2_20200728_074742_d150_Nickel_V_c.fit
59054.418553	0.125	16.233	16.22	16.246	19.88201	V	m15_data/M15-2_20200724_100243_d201_Nickel_V_c.fit
59054.417454	0.04167	16.206	16.19	16.222	19.57751	V	m15_data/M15-2_20200724_100108_d200_Nickel_V_c.fit
59054.41669	0.01389	16.055	16.034	16.076	18.94632	V	m15_data/M15-2_20200724_100002_d199_Nickel_V_c.fit
59054.335255	0.125	16.101	16.089	16.113	19.79953	V	m15_data/M15-2_20200724_080246_d169_Nickel_V_c.fit
59054.333738	0.04167	16.101	16.087	16.115	19.57638	V	m15_data/M15-2_20200724_080035_d168_Nickel_V_c.fit
59054.332407	0.01389	16.075	16.046	16.104	18.61369	V	m15_data/M15-2_20200724_075840_d167_Nickel_V_c.fit
59051.331458	0.125	16.166	16.158	16.174	20.17117	V	m15_data/M15-2_20200721_075718_d150_Nickel_V_c.fit
59051.330185	0.04167	16.17	16.158	16.182	19.86079	V	m15_data/M15-2_20200721_075528_d149_Nickel_V_c.fit
59051.32956	0.01389	16.171	16.152	16.19	19.40425	V	m15_data/M15-2_20200721_075434_d148_Nickel_V_c.fit
59043.354873	0.125	16.11	16.101	16.119	20.01925	V	m15_data/M15-2_20200713_083101_d185_Nickel_V_c.fit
59043.353414	0.04167	16.107	16.093	16.121	19.73089	V	m15_data/M15-2_20200713_082855_d184_Nickel_V_c.fit
59043.350625	0.01389	16.105	16.087	16.123	19.02028	V	m15_data/M15-2_20200713_082454_d183_Nickel_V_c.fit
59039.41022	0.125	16.116	16.108	16.124	19.91906	V	m15_data/M15-2_20200709_095043_d173_Nickel_V_c.fit
59039.409016	0.04167	16.1	16.088	16.112	19.46989	V	m15_data/M15-2_20200709_094859_d172_Nickel_V_c.fit
59039.408102	0.01389	16.112	16.091	16.133	18.82579	V	m15_data/M15-2_20200709_094740_d171_Nickel_V_c.fit
59039.405937	0.01389	16.094	16.075	16.113	18.80512	V	m15_data/M15-2_20200709_094433_d170_Nickel_V_c.fit
59030.454745	0.04167	15.926	15.915	15.937	20.1343	B	m15_data/M15-2_20200630_105450_d186_Nickel_B_c.fit
59030.452199	0.125	15.583	15.576	15.59	20.23433	V	m15_data/M15-2_20200630_105110_d185_Nickel_V_c.fit
59030.451111	0.04167	15.574	15.566	15.582	19.80042	V	m15_data/M15-2_20200630_104936_d184_Nickel_V_c.fit
59030.450428	0.01389	15.587	15.575	15.599	19.57786	V	m15_data/M15-2_20200630_104837_d183_Nickel_V_c.fit
59026.453715	0.125	16.194	16.18	16.208	19.99365	V	m15_data/M15-2_20200626_105321_d157_Nickel_V_c.fit
59026.451863	0.04167	16.212	16.196	16.228	19.75916	V	m15_data/M15-2_20200626_105041_d156_Nickel_V_c.fit
59026.450324	0.01389	16.218	16.198	16.238	19.16033	V	m15_data/M15-2_20200626_104828_d155_Nickel_V_c.fit
59022.394792	0.125	15.802	15.791	15.813	19.87436	V	m15_data/M15-2_20200622_092830_d136_Nickel_V_c.fit
59022.393264	0.04167	15.794	15.783	15.805	19.68844	V	m15_data/M15-2_20200622_092618_d135_Nickel_V_c.fit
59022.392569	0.01389	15.695	15.681	15.709	19.16013	V	m15_data/M15-2_20200622_092518_d134_Nickel_V_c.fit
59018.437037	0.125	16.247	16.235	16.259	19.72726	V	m15_data/M15-2_20200618_102920_d197_Nickel_V_c.fit
59018.434525	0.04167	16.27	16.255	16.285	19.62441	V	m15_data/M15-2_20200618_102543_d196_Nickel_V_c.fit
59018.433843	0.01389	16.286	16.262	16.31	18.94982	V	m15_data/M15-2_20200618_102444_d195_Nickel_V_c.fit
58994.493009	0.04167	15.757	15.748	15.766	19.73704	R	m15_data/M15-2_20200525_114956_d187_Nickel_R_c.fit
58994.465451	0.125	16.064	16.056	16.072	20.44787	V	m15_data/M15-2_20200525_111015_d171_Nickel_V_c.fit
58994.464016	0.04167	16.062	16.052	16.072	19.97328	V	m15_data/M15-2_20200525_110811_d170_Nickel_V_c.fit
58994.462766	0.01389	16.074	16.056	16.092	19.37627	V	m15_data/M15-2_20200525_110623_d169_Nickel_V_c.fit
58994.460012	0.125	16.583	16.572	16.594	20.62189	B	m15_data/M15-2_20200525_110225_d168_Nickel_B_c.fit
58994.458843	0.04167	16.56	16.547	16.573	20.2345	B	m15_data/M15-2_20200525_110044_d167_Nickel_B_c.fit
58994.458148	0.01389	16.516	16.496	16.536	19.53344	B	m15_data/M15-2_20200525_105944_d166_Nickel_B_c.fit
58990.48978	0.125	15.681	15.669	15.693	19.6306	V	m15_data/M15-2_20200521_114517_d202_Nickel_V_c.fit
58990.488704	0.04167	15.593	15.583	15.603	19.30825	V	m15_data/M15-2_20200521_114344_d201_Nickel_V_c.fit
58990.488056	0.01389	15.566	15.553	15.579	18.95141	V	m15_data/M15-2_20200521_114248_d200_Nickel_V_c.fit
58974.502685	0.125	16.181	16.167	16.195	19.41544	V	m15_data/M15-2_20200505_120352_d192_Nickel_V_c.fit
58974.50103	0.04167	16.083	16.072	16.094	19.44254	V	m15_data/M15-2_20200505_120129_d191_Nickel_V_c.fit
58974.499838	0.01389	16.158	16.135	16.181	18.66975	V	m15_data/M15-2_20200505_115946_d190_Nickel_V_c.fit
58856.096331	0.125	16.121	16.087	16.155	18.78242	V	m15_data/M15-2_20200108_021843_d136_Nickel_V_c.fit
58856.09441	0.01389	14.952	14.922	14.982	17.63571	V	m15_data/M15-2_20200108_021557_d134_Nickel_V_c.fit
58856.092639	0.04167	16.646	16.591	16.701	18.22694	B	m15_data/M15-2_20200108_021324_d133_Nickel_B_c.fit
58856.090764	0.01389	16.723	16.668	16.778	17.89208	B	m15_data/M15-2_20200108_021042_d132_Nickel_B_c.fit
58805.183831	0.125	15.752	15.743	15.761	19.83228	V	m15_data/M15-2_20191118_042443_d163_Nickel_V_c.fit
58805.182662	0.04167	15.753	15.743	15.763	19.45403	V	m15_data/M15-2_20191118_042302_d162_Nickel_V_c.fit
58805.182049	0.01389	15.759	15.743	15.775	19.0237	V	m15_data/M15-2_20191118_042209_d161_Nickel_V_c.fit
58805.093241	0.125	15.307	15.301	15.313	20.14323	V	m15_data/M15-2_20191118_021416_d135_Nickel_V_c.fit
58805.092153	0.04167	15.298	15.291	15.305	19.95529	V	m15_data/M15-2_20191118_021242_d134_Nickel_V_c.fit
58805.091528	0.01389	15.274	15.263	15.285	19.2161	V	m15_data/M15-2_20191118_021148_d133_Nickel_V_c.fit
58794.13875	0.125	16.128	16.12	16.136	19.97794	V	m15_data/M15-2_20191107_031948_d138_Nickel_V_c.fit
58794.12544	0.04167	16.103	16.093	16.113	19.65314	V	m15_data/M15-2_20191107_030038_d136_Nickel_V_c.fit
58794.124583	0.01389	16.086	16.068	16.104	19.02798	V	m15_data/M15-2_20191107_025924_d135_Nickel_V_c.fit
58792.132975	0.125	15.868	15.86	15.876	20.04921	V	m15_data/M15-2_20191105_031129_d150_Nickel_V_c.fit
58792.131748	0.04167	15.857	15.848	15.866	19.85055	V	m15_data/M15-2_20191105_030943_d149_Nickel_V_c.fit
58792.129884	0.04167	15.845	15.834	15.856	19.73021	V	m15_data/M15-2_20191105_030702_d148_Nickel_V_c.fit
58789.280856	0.125	16.121	16.113	16.129	19.92322	V	m15_data/M15-2_20191102_064426_d170_Nickel_V_c.fit
58789.278634	0.04167	16.133	16.123	16.143	19.65798	V	m15_data/M15-2_20191102_064114_d169_Nickel_V_c.fit
58789.277685	0.01389	16.12	16.102	16.138	19.20004	V	m15_data/M15-2_20191102_063952_d168_Nickel_V_c.fit
58789.18287	0.125	16.151	16.143	16.159	20.13673	V	m15_data/M15-2_20191102_042320_d150_Nickel_V_c.fit
58789.181493	0.04167	16.155	16.145	16.165	19.89147	V	m15_data/M15-2_20191102_042121_d149_Nickel_V_c.fit
58789.180197	0.01389	16.148	16.132	16.164	19.44806	V	m15_data/M15-2_20191102_041929_d148_Nickel_V_c.fit
58788.162905	0.125	15.713	15.705	15.721	19.86422	V	m15_data/M15-2_20191101_035435_d157_Nickel_V_c.fit
58788.161829	0.04167	15.754	15.745	15.763	19.5424	V	m15_data/M15-2_20191101_035302_d156_Nickel_V_c.fit
58788.161181	0.01389	15.799	15.784	15.814	19.18389	V	m15_data/M15-2_20191101_035206_d155_Nickel_V_c.fit
58779.246875	0.125	16.181	16.171	16.191	19.86063	V	m15_data/M15-2_20191023_055530_d140_Nickel_V_c.fit
58779.245706	0.04167	16.291	16.273	16.309	19.40889	V	m15_data/M15-2_20191023_055349_d139_Nickel_V_c.fit
58779.245023	0.01389	16.081	16.064	16.098	19.08216	V	m15_data/M15-2_20191023_055250_d138_Nickel_V_c.fit
58775.258148	0.125	15.897	15.89	15.904	19.88794	V	m15_data/M15-2_20191019_061144_d145_Nickel_V_c.fit
58775.256389	0.04167	15.898	15.88	15.916	19.02931	V	m15_data/M15-2_20191019_060912_d144_Nickel_V_c.fit
58775.254988	0.01389	15.788	15.762	15.814	18.42072	V	m15_data/M15-2_20191019_060711_d143_Nickel_V_c.fit
58769.344884	0.125	16.114	16.103	16.125	19.3472	V	m15_data/M15-2_20191013_081638_d306_Nickel_V_c.fit
58769.343785	0.04167	16.13	16.113	16.147	18.8738	V	m15_data/M15-2_20191013_081503_d305_Nickel_V_c.fit
58769.342627	0.01389	16.166	16.143	16.189	18.34542	V	m15_data/M15-2_20191013_081323_d304_Nickel_V_c.fit
58768.306377	0.125	15.617	15.607	15.627	19.51164	V	m15_data/M15-2_20191012_072111_d181_Nickel_V_c.fit
58768.305231	0.04167	15.652	15.639	15.665	18.99572	V	m15_data/M15-2_20191012_071932_d180_Nickel_V_c.fit
58768.30434	0.01389	15.611	15.591	15.631	18.36545	V	m15_data/M15-2_20191012_071815_d179_Nickel_V_c.fit
58763.218843	0.125	15.602	15.586	15.618	18.36114	V	m15_data/M15-2_20191007_051508_d142_Nickel_V_c.fit
58763.216678	0.04167	15.581	15.573	15.589	19.54168	V	m15_data/M15-2_20191007_051201_d141_Nickel_V_c.fit
58763.216019	0.01389	15.625	15.611	15.639	19.04595	V	m15_data/M15-2_20191007_051104_d140_Nickel_V_c.fit
58759.212986	0.125	16.194	16.181	16.207	19.84881	V	m15_data/M15-2_20191003_050642_d142_Nickel_V_c.fit
58759.211678	0.04167	16.066	16.049	16.083	19.62994	V	m15_data/M15-2_20191003_050449_d141_Nickel_V_c.fit
58759.211042	0.01389	16.104	16.086	16.122	19.15216	V	m15_data/M15-2_20191003_050354_d140_Nickel_V_c.fit
58751.215417	0.125	16.094	16.087	16.101	20.20233	V	m15_data/M15-2_20190925_051012_d150_Nickel_V_c.fit
58751.214155	0.04167	16.099	16.089	16.109	19.93765	V	m15_data/M15-2_20190925_050823_d149_Nickel_V_c.fit
58751.213391	0.01389	16.157	16.137	16.177	19.43267	V	m15_data/M15-2_20190925_050717_d148_Nickel_V_c.fit
58746.378009	0.125	15.147	15.137	15.157	18.9501	V	m15_data/M15-2_20190920_090420_d133_Nickel_V_c.fit
58746.376273	0.04167	15.132	15.118	15.146	18.23006	V	m15_data/M15-2_20190920_090150_d132_Nickel_V_c.fit
58746.375671	0.01389	15.17	15.138	15.202	16.98338	V	m15_data/M15-2_20190920_090058_d131_Nickel_V_c.fit
58738.252338	0.125	15.081	15.074	15.088	19.428	V	m15_data/M15-2_20190912_060322_d162_Nickel_V_c.fit
58738.251181	0.04167	15.104	15.096	15.112	19.01532	V	m15_data/M15-2_20190912_060142_d161_Nickel_V_c.fit
58738.25015	0.01389	15.134	15.121	15.147	18.26044	V	m15_data/M15-2_20190912_060013_d160_Nickel_V_c.fit
58735.297986	0.125	15.914	15.899	15.929	19.42197	V	m15_data/M15-2_20190909_070906_d158_Nickel_V_c.fit
58735.29691	0.04167	15.784	15.77	15.798	19.20966	V	m15_data/M15-2_20190909_070733_d157_Nickel_V_c.fit
58735.295486	0.01389	15.78	15.759	15.801	18.62211	V	m15_data/M15-2_20190909_070530_d156_Nickel_V_c.fit
58731.364595	0.125	15.494	15.488	15.5	20.26925	V	m15_data/M15-2_20190905_084501_d190_Nickel_V_c.fit
58731.362905	0.04167	15.558	15.551	15.565	19.92057	V	m15_data/M15-2_20190905_084235_d189_Nickel_V_c.fit
58731.362257	0.01389	15.652	15.638	15.666	19.26036	V	m15_data/M15-2_20190905_084139_d188_Nickel_V_c.fit
58731.188102	0.01389	16.227	16.21	16.244	19.24844	V	m15_data/M15-2_20190905_043052_d136_Nickel_V_c.fit
58731.186424	0.04167	16.199	16.188	16.21	19.88774	V	m15_data/M15-2_20190905_042827_d135_Nickel_V_c.fit
58731.174491	0.125	16.232	16.222	16.242	20.1545	V	m15_data/M15-2_20190905_041116_d131_Nickel_V_c.fit
58728.185729	0.08333	16.294	16.281	16.307	19.93881	V	m15_data/M15-2_20190902_042727_d158_Nickel_V_c.fit
58728.184664	0.04167	16.283	16.269	16.297	19.67459	V	m15_data/M15-2_20190902_042555_d157_Nickel_V_c.fit
58728.183935	0.01389	16.423	16.398	16.448	18.99659	V	m15_data/M15-2_20190902_042452_d156_Nickel_V_c.fit
58724.245995	0.125	16.256	16.241	16.271	19.77562	V	m15_data/M15-2_20190829_055414_d159_Nickel_V_c.fit
58724.244919	0.04167	16.231	16.215	16.247	19.51717	V	m15_data/M15-2_20190829_055241_d158_Nickel_V_c.fit
58724.244282	0.01389	16.235	16.211	16.259	19.12435	V	m15_data/M15-2_20190829_055146_d157_Nickel_V_c.fit
58721.30662	0.125	16.255	16.237	16.273	20.11829	V	m15_data/M15-2_20190826_072132_d152_Nickel_V_c.fit
58721.304954	0.04167	16.147	16.13	16.164	19.79916	V	m15_data/M15-2_20190826_071908_d151_Nickel_V_c.fit
58721.304248	0.01389	16.141	16.119	16.163	19.22402	V	m15_data/M15-2_20190826_071807_d150_Nickel_V_c.fit
58713.312604	0.125	15.434	15.426	15.442	19.71924	V	m15_data/M15-2_20190818_073009_d153_Nickel_V_c.fit
58713.311042	0.04167	15.443	15.434	15.452	19.33549	V	m15_data/M15-2_20190818_072754_d152_Nickel_V_c.fit
58713.310035	0.01389	15.428	15.416	15.44	18.69903	V	m15_data/M15-2_20190818_072627_d151_Nickel_V_c.fit
58708.294803	0.125	15.528	15.517	15.539	19.37982	V	m15_data/M15-2_20190813_070431_d163_Nickel_V_c.fit
58708.293079	0.04167	15.547	15.534	15.56	19.05756	V	m15_data/M15-2_20190813_070202_d162_Nickel_V_c.fit
58708.291875	0.01389	15.543	15.528	15.558	18.55259	V	m15_data/M15-2_20190813_070018_d161_Nickel_V_c.fit
58697.33603	0.125	16.016	15.993	16.039	19.13922	V	m15_data/M15-2_20190802_080353_d162_Nickel_V_c.fit
58697.33478	0.04167	15.98	15.955	16.005	18.91892	V	m15_data/M15-2_20190802_080205_d161_Nickel_V_c.fit
58697.334016	0.01389	16.011	15.982	16.04	18.34652	V	m15_data/M15-2_20190802_080059_d160_Nickel_V_c.fit
58694.35397	0.04167	16.202	16.181	16.223	19.49787	V	m15_data/M15-2_20190730_082943_d140_Nickel_V_c.fit
58694.353333	0.01389	16.192	16.167	16.217	18.93063	V	m15_data/M15-2_20190730_082848_d139_Nickel_V_c.fit
58690.317986	0.125	15.731	15.722	15.74	20.00122	V	m15_data/M15-2_20190726_073754_d169_Nickel_V_c.fit
58690.316667	0.04167	15.713	15.702	15.724	19.74736	V	m15_data/M15-2_20190726_073600_d168_Nickel_V_c.fit
58690.315613	0.01389	15.655	15.643	15.667	19.24817	V	m15_data/M15-2_20190726_073429_d167_Nickel_V_c.fit
58683.318287	0.125	15.56	15.552	15.568	19.66839	V	m15_data/M15-2_20190719_073820_d146_Nickel_V_c.fit
58683.317072	0.04167	15.592	15.581	15.603	19.27825	V	m15_data/M15-2_20190719_073635_d145_Nickel_V_c.fit
58683.3164	0.01389	15.576	15.559	15.593	18.70613	V	m15_data/M15-2_20190719_073537_d144_Nickel_V_c.fit
58676.37478	0.125	16.184	16.175	16.193	20.08491	V	m15_data/M15-2_20190712_085941_d164_Nickel_V_c.fit
58676.373056	0.04167	16.163	16.15	16.176	19.84363	V	m15_data/M15-2_20190712_085712_d163_Nickel_V_c.fit
58676.372269	0.01389	16.149	16.131	16.167	19.33326	V	m15_data/M15-2_20190712_085604_d162_Nickel_V_c.fit
58672.475347	0.125	16.291	16.276	16.306	20.00311	V	m15_data/M15-2_20190708_112430_d213_Nickel_V_c.fit
58672.473981	0.04167	16.174	16.161	16.187	19.80592	V	m15_data/M15-2_20190708_112232_d212_Nickel_V_c.fit
58672.47316	0.01389	16.248	16.225	16.271	19.15374	V	m15_data/M15-2_20190708_112121_d211_Nickel_V_c.fit
58672.292373	0.125	15.792	15.764	15.82	18.83008	V	m15_data/M15-2_20190708_070101_d164_Nickel_V_c.fit
58672.291296	0.04167	15.786	15.757	15.815	18.44557	V	m15_data/M15-2_20190708_065928_d163_Nickel_V_c.fit
58672.290671	0.01389	15.822	15.786	15.858	17.99478	V	m15_data/M15-2_20190708_065834_d162_Nickel_V_c.fit
58664.402072	0.125	16.329	16.29	16.368	18.0254	V	m15_data/M15-2_20190630_093859_d191_Nickel_V_c.fit
58664.401007	0.04167	16.407	16.373	16.441	18.50397	V	m15_data/M15-2_20190630_093727_d190_Nickel_V_c.fit
58664.400324	0.01389	16.334	16.286	16.382	17.64806	V	m15_data/M15-2_20190630_093628_d189_Nickel_V_c.fit
58661.380278	0.01389	14.298	14.263	14.333	17.32054	V	m15_data/M15-2_20190627_090736_d145_Nickel_V_c.fit
58658.39	0.125	15.219	15.213	15.225	19.86904	V	m15_data/M15-2_20190624_092136_d133_Nickel_V_c.fit
58658.388137	0.04167	15.195	15.186	15.204	19.50862	V	m15_data/M15-2_20190624_091855_d132_Nickel_V_c.fit
58658.387512	0.01389	15.165	15.154	15.176	18.95791	V	m15_data/M15-2_20190624_091801_d131_Nickel_V_c.fit
58653.40309	0.125	15.258	15.252	15.264	19.83399	V	m15_data/M15-2_20190619_094027_d175_Nickel_V_c.fit
58653.401921	0.04167	15.257	15.25	15.264	19.7101	V	m15_data/M15-2_20190619_093846_d174_Nickel_V_c.fit
58653.399977	0.04167	15.238	15.23	15.246	19.43999	V	m15_data/M15-2_20190619_093558_d173_Nickel_V_c.fit
58653.399363	0.01389	15.236	15.226	15.246	19.15652	V	m15_data/M15-2_20190619_093505_d172_Nickel_V_c.fit
