;; MJD	etburst	mag	-emag	+emag	limmag	filter	imagename
59054.418553	0.125	15.821	15.772	15.87	19.88201	V	m15_data/M15-2_20200724_100243_d201_Nickel_V_c.fit
59054.417454	0.04167	15.879	15.829	15.929	19.57751	V	m15_data/M15-2_20200724_100108_d200_Nickel_V_c.fit
59054.41669	0.01389	16.036	15.967	16.105	18.9311	V	m15_data/M15-2_20200724_100002_d199_Nickel_V_c.fit
59054.335255	0.125	16.114	16.038	16.19	19.79142	V	m15_data/M15-2_20200724_080246_d169_Nickel_V_c.fit
59054.333738	0.04167	16.056	15.982	16.13	19.56593	V	m15_data/M15-2_20200724_080035_d168_Nickel_V_c.fit
59054.332407	0.01389	16.167	16.085	16.249	18.60869	V	m15_data/M15-2_20200724_075840_d167_Nickel_V_c.fit
59051.331458	0.125	15.702	15.667	15.737	20.17117	V	m15_data/M15-2_20200721_075718_d150_Nickel_V_c.fit
59051.330185	0.04167	15.552	15.53	15.574	19.86079	V	m15_data/M15-2_20200721_075528_d149_Nickel_V_c.fit
59051.32956	0.01389	15.526	15.503	15.549	19.40425	V	m15_data/M15-2_20200721_075434_d148_Nickel_V_c.fit
59043.354873	0.125	15.51	15.489	15.531	20.01925	V	m15_data/M15-2_20200713_083101_d185_Nickel_V_c.fit
59043.353414	0.04167	15.708	15.67	15.746	19.73089	V	m15_data/M15-2_20200713_082855_d184_Nickel_V_c.fit
59043.350625	0.01389	15.938	15.871	16.005	19.01528	V	m15_data/M15-2_20200713_082454_d183_Nickel_V_c.fit
59039.41022	0.125	15.511	15.495	15.527	19.91906	V	m15_data/M15-2_20200709_095043_d173_Nickel_V_c.fit
59039.409016	0.04167	15.519	15.502	15.536	19.46989	V	m15_data/M15-2_20200709_094859_d172_Nickel_V_c.fit
59039.408102	0.01389	15.514	15.497	15.531	18.82579	V	m15_data/M15-2_20200709_094740_d171_Nickel_V_c.fit
59039.405937	0.01389	15.974	15.903	16.045	18.80189	V	m15_data/M15-2_20200709_094433_d170_Nickel_V_c.fit
59030.454745	0.04167	16.359	16.334	16.384	20.13397	B	m15_data/M15-2_20200630_105450_d186_Nickel_B_c.fit
59030.452199	0.125	15.533	15.514	15.552	20.23433	V	m15_data/M15-2_20200630_105110_d185_Nickel_V_c.fit
59030.451111	0.04167	15.745	15.71	15.78	19.80042	V	m15_data/M15-2_20200630_104936_d184_Nickel_V_c.fit
59030.450428	0.01389	15.448	15.432	15.464	19.57786	V	m15_data/M15-2_20200630_104837_d183_Nickel_V_c.fit
59022.394792	0.125	15.992	15.927	16.057	19.86913	V	m15_data/M15-2_20200622_092830_d136_Nickel_V_c.fit
59022.393264	0.04167	15.924	15.856	15.992	19.68578	V	m15_data/M15-2_20200622_092618_d135_Nickel_V_c.fit
59022.392569	0.01389	15.958	15.891	16.025	19.16391	V	m15_data/M15-2_20200622_092518_d134_Nickel_V_c.fit
59018.437037	0.125	16.076	16.006	16.146	19.72815	V	m15_data/M15-2_20200618_102920_d197_Nickel_V_c.fit
59018.434525	0.04167	15.871	15.823	15.919	19.62441	V	m15_data/M15-2_20200618_102543_d196_Nickel_V_c.fit
59018.433843	0.01389	15.795	15.748	15.842	18.94982	V	m15_data/M15-2_20200618_102444_d195_Nickel_V_c.fit
59010.43566	0.125	15.479	15.463	15.495	20.25049	V	m15_data/M15-2_20200610_102721_d178_Nickel_V_c.fit
59010.434502	0.04167	15.488	15.472	15.504	19.92537	V	m15_data/M15-2_20200610_102541_d177_Nickel_V_c.fit
59010.433715	0.01389	15.439	15.421	15.457	19.28977	V	m15_data/M15-2_20200610_102433_d176_Nickel_V_c.fit
58994.493009	0.04167	14.913	14.905	14.921	19.73704	R	m15_data/M15-2_20200525_114956_d187_Nickel_R_c.fit
58994.465451	0.125	15.501	15.486	15.516	20.44787	V	m15_data/M15-2_20200525_111015_d171_Nickel_V_c.fit
58994.464016	0.04167	15.514	15.494	15.534	19.97328	V	m15_data/M15-2_20200525_110811_d170_Nickel_V_c.fit
58994.462766	0.01389	15.532	15.511	15.553	19.37627	V	m15_data/M15-2_20200525_110623_d169_Nickel_V_c.fit
58994.460012	0.125	16.379	16.355	16.403	20.62189	B	m15_data/M15-2_20200525_110225_d168_Nickel_B_c.fit
58994.458843	0.04167	16.382	16.361	16.403	20.2345	B	m15_data/M15-2_20200525_110044_d167_Nickel_B_c.fit
58994.458148	0.01389	16.266	16.244	16.288	19.53344	B	m15_data/M15-2_20200525_105944_d166_Nickel_B_c.fit
58990.48978	0.125	16.006	15.941	16.071	19.61871	V	m15_data/M15-2_20200521_114517_d202_Nickel_V_c.fit
58990.488704	0.04167	16.087	16.014	16.16	19.30581	V	m15_data/M15-2_20200521_114344_d201_Nickel_V_c.fit
58990.488056	0.01389	15.717	15.674	15.76	18.95141	V	m15_data/M15-2_20200521_114248_d200_Nickel_V_c.fit
58856.090764	0.01389	17.053	16.929	17.177	17.8933	B	m15_data/M15-2_20200108_021042_d132_Nickel_B_c.fit
58805.183831	0.125	15.932	15.877	15.987	19.83228	V	m15_data/M15-2_20191118_042443_d163_Nickel_V_c.fit
58805.182662	0.04167	15.964	15.911	16.017	19.45436	V	m15_data/M15-2_20191118_042302_d162_Nickel_V_c.fit
58805.182049	0.01389	15.85	15.798	15.902	19.0237	V	m15_data/M15-2_20191118_042209_d161_Nickel_V_c.fit
58805.093241	0.125	15.714	15.68	15.748	20.14323	V	m15_data/M15-2_20191118_021416_d135_Nickel_V_c.fit
58805.092153	0.04167	15.707	15.67	15.744	19.95529	V	m15_data/M15-2_20191118_021242_d134_Nickel_V_c.fit
58805.091528	0.01389	15.944	15.872	16.016	19.20243	V	m15_data/M15-2_20191118_021148_d133_Nickel_V_c.fit
58794.13875	0.125	15.566	15.544	15.588	19.97794	V	m15_data/M15-2_20191107_031948_d138_Nickel_V_c.fit
58794.12544	0.04167	15.727	15.685	15.769	19.65314	V	m15_data/M15-2_20191107_030038_d136_Nickel_V_c.fit
58794.124583	0.01389	15.48	15.459	15.501	19.02798	V	m15_data/M15-2_20191107_025924_d135_Nickel_V_c.fit
58792.132975	0.125	15.541	15.516	15.566	20.04921	V	m15_data/M15-2_20191105_031129_d150_Nickel_V_c.fit
58792.131748	0.04167	15.516	15.499	15.533	19.85055	V	m15_data/M15-2_20191105_030943_d149_Nickel_V_c.fit
58792.129884	0.04167	15.696	15.652	15.74	19.73021	V	m15_data/M15-2_20191105_030702_d148_Nickel_V_c.fit
58789.280856	0.125	15.751	15.712	15.79	19.92322	V	m15_data/M15-2_20191102_064426_d170_Nickel_V_c.fit
58789.278634	0.04167	15.558	15.535	15.581	19.65798	V	m15_data/M15-2_20191102_064114_d169_Nickel_V_c.fit
58789.277685	0.01389	15.524	15.505	15.543	19.20004	V	m15_data/M15-2_20191102_063952_d168_Nickel_V_c.fit
58789.18287	0.125	15.554	15.532	15.576	20.13673	V	m15_data/M15-2_20191102_042320_d150_Nickel_V_c.fit
58789.181493	0.04167	15.556	15.538	15.574	19.89147	V	m15_data/M15-2_20191102_042121_d149_Nickel_V_c.fit
58789.180197	0.01389	15.527	15.511	15.543	19.44806	V	m15_data/M15-2_20191102_041929_d148_Nickel_V_c.fit
58788.162905	0.125	15.939	15.874	16.004	19.85644	V	m15_data/M15-2_20191101_035435_d157_Nickel_V_c.fit
58788.161829	0.04167	15.91	15.857	15.963	19.5424	V	m15_data/M15-2_20191101_035302_d156_Nickel_V_c.fit
58788.161181	0.01389	15.78	15.739	15.821	19.18389	V	m15_data/M15-2_20191101_035206_d155_Nickel_V_c.fit
58779.246875	0.125	15.984	15.926	16.042	19.86063	V	m15_data/M15-2_20191023_055530_d140_Nickel_V_c.fit
58779.245706	0.04167	16.024	15.961	16.087	19.40489	V	m15_data/M15-2_20191023_055349_d139_Nickel_V_c.fit
58779.245023	0.01389	15.878	15.827	15.929	19.08216	V	m15_data/M15-2_20191023_055250_d138_Nickel_V_c.fit
58775.258148	0.125	15.958	15.894	16.022	19.8785	V	m15_data/M15-2_20191019_061144_d145_Nickel_V_c.fit
58769.344884	0.125	15.546	15.528	15.564	19.3472	V	m15_data/M15-2_20191013_081638_d306_Nickel_V_c.fit
58769.343785	0.04167	15.471	15.455	15.487	18.8738	V	m15_data/M15-2_20191013_081503_d305_Nickel_V_c.fit
58769.342627	0.01389	15.466	15.444	15.488	18.34542	V	m15_data/M15-2_20191013_081323_d304_Nickel_V_c.fit
58768.306377	0.125	15.504	15.485	15.523	19.51164	V	m15_data/M15-2_20191012_072111_d181_Nickel_V_c.fit
58768.305231	0.04167	15.729	15.69	15.768	18.99572	V	m15_data/M15-2_20191012_071932_d180_Nickel_V_c.fit
58768.30434	0.01389	15.812	15.763	15.861	18.36545	V	m15_data/M15-2_20191012_071815_d179_Nickel_V_c.fit
58763.218843	0.125	15.747	15.705	15.789	18.36114	V	m15_data/M15-2_20191007_051508_d142_Nickel_V_c.fit
58763.216678	0.04167	15.785	15.739	15.831	19.54168	V	m15_data/M15-2_20191007_051201_d141_Nickel_V_c.fit
58763.216019	0.01389	15.805	15.756	15.854	19.04595	V	m15_data/M15-2_20191007_051104_d140_Nickel_V_c.fit
58759.212986	0.125	15.88	15.828	15.932	19.84881	V	m15_data/M15-2_20191003_050642_d142_Nickel_V_c.fit
58759.211678	0.04167	16.036	15.966	16.106	19.62649	V	m15_data/M15-2_20191003_050449_d141_Nickel_V_c.fit
58759.211042	0.01389	15.718	15.68	15.756	19.15216	V	m15_data/M15-2_20191003_050354_d140_Nickel_V_c.fit
58751.215417	0.125	15.791	15.747	15.835	20.20233	V	m15_data/M15-2_20190925_051012_d150_Nickel_V_c.fit
58751.214155	0.04167	15.585	15.562	15.608	19.93765	V	m15_data/M15-2_20190925_050823_d149_Nickel_V_c.fit
58751.213391	0.01389	15.702	15.665	15.739	19.43267	V	m15_data/M15-2_20190925_050717_d148_Nickel_V_c.fit
58746.378009	0.125	16.186	16.11	16.262	18.94654	V	m15_data/M15-2_20190920_090420_d133_Nickel_V_c.fit
58746.376273	0.04167	16.107	16.026	16.188	18.22883	V	m15_data/M15-2_20190920_090150_d132_Nickel_V_c.fit
58746.375671	0.01389	16.12	16.016	16.224	16.99571	V	m15_data/M15-2_20190920_090058_d131_Nickel_V_c.fit
58738.252338	0.125	15.991	15.925	16.057	19.42645	V	m15_data/M15-2_20190912_060322_d162_Nickel_V_c.fit
58738.251181	0.04167	16.012	15.941	16.083	19.01609	V	m15_data/M15-2_20190912_060142_d161_Nickel_V_c.fit
58738.25015	0.01389	16.0	15.924	16.076	18.25933	V	m15_data/M15-2_20190912_060013_d160_Nickel_V_c.fit
58735.297986	0.125	16.198	16.114	16.282	19.4103	V	m15_data/M15-2_20190909_070906_d158_Nickel_V_c.fit
58735.29691	0.04167	16.209	16.121	16.297	19.20444	V	m15_data/M15-2_20190909_070733_d157_Nickel_V_c.fit
58735.295486	0.01389	16.207	16.126	16.288	18.61355	V	m15_data/M15-2_20190909_070530_d156_Nickel_V_c.fit
58731.364595	0.125	15.669	15.639	15.699	20.26925	V	m15_data/M15-2_20190905_084501_d190_Nickel_V_c.fit
58731.362905	0.04167	15.549	15.532	15.566	19.92057	V	m15_data/M15-2_20190905_084235_d189_Nickel_V_c.fit
58731.362257	0.01389	15.694	15.654	15.734	19.26036	V	m15_data/M15-2_20190905_084139_d188_Nickel_V_c.fit
58728.185729	0.08333	15.919	15.864	15.974	19.93881	V	m15_data/M15-2_20190902_042727_d158_Nickel_V_c.fit
58728.184664	0.04167	15.842	15.782	15.902	19.67459	V	m15_data/M15-2_20190902_042555_d157_Nickel_V_c.fit
58728.183935	0.01389	15.918	15.846	15.99	19.00181	V	m15_data/M15-2_20190902_042452_d156_Nickel_V_c.fit
58724.245995	0.125	16.057	15.992	16.122	19.77262	V	m15_data/M15-2_20190829_055414_d159_Nickel_V_c.fit
58724.244919	0.04167	15.962	15.903	16.021	19.51717	V	m15_data/M15-2_20190829_055241_d158_Nickel_V_c.fit
58724.244282	0.01389	15.722	15.675	15.769	19.12435	V	m15_data/M15-2_20190829_055146_d157_Nickel_V_c.fit
58721.30662	0.125	15.766	15.719	15.813	20.11829	V	m15_data/M15-2_20190826_072132_d152_Nickel_V_c.fit
58721.304954	0.04167	15.547	15.518	15.576	19.79916	V	m15_data/M15-2_20190826_071908_d151_Nickel_V_c.fit
58721.304248	0.01389	15.554	15.524	15.584	19.22402	V	m15_data/M15-2_20190826_071807_d150_Nickel_V_c.fit
58713.312604	0.125	16.193	16.116	16.27	19.71336	V	m15_data/M15-2_20190818_073009_d153_Nickel_V_c.fit
58713.311042	0.04167	16.055	15.987	16.123	19.33038	V	m15_data/M15-2_20190818_072754_d152_Nickel_V_c.fit
58713.310035	0.01389	16.161	16.079	16.243	18.68758	V	m15_data/M15-2_20190818_072627_d151_Nickel_V_c.fit
58708.294803	0.125	16.301	16.21	16.392	19.3846	V	m15_data/M15-2_20190813_070431_d163_Nickel_V_c.fit
58708.293079	0.04167	16.25	16.158	16.342	19.04923	V	m15_data/M15-2_20190813_070202_d162_Nickel_V_c.fit
58708.291875	0.01389	15.951	15.89	16.012	18.55259	V	m15_data/M15-2_20190813_070018_d161_Nickel_V_c.fit
58697.33603	0.125	16.209	16.134	16.284	19.128	V	m15_data/M15-2_20190802_080353_d162_Nickel_V_c.fit
58697.33478	0.04167	16.245	16.163	16.327	18.90181	V	m15_data/M15-2_20190802_080205_d161_Nickel_V_c.fit
58697.334016	0.01389	16.16	16.075	16.245	18.33919	V	m15_data/M15-2_20190802_080059_d160_Nickel_V_c.fit
58694.35397	0.04167	15.966	15.906	16.026	19.49787	V	m15_data/M15-2_20190730_082943_d140_Nickel_V_c.fit
58694.353333	0.01389	15.948	15.879	16.017	18.91986	V	m15_data/M15-2_20190730_082848_d139_Nickel_V_c.fit
58690.317986	0.125	15.87	15.824	15.916	20.00122	V	m15_data/M15-2_20190726_073754_d169_Nickel_V_c.fit
58690.316667	0.04167	15.793	15.75	15.836	19.74736	V	m15_data/M15-2_20190726_073600_d168_Nickel_V_c.fit
58690.315613	0.01389	15.763	15.724	15.802	19.24817	V	m15_data/M15-2_20190726_073429_d167_Nickel_V_c.fit
58683.318287	0.125	15.832	15.776	15.888	19.66839	V	m15_data/M15-2_20190719_073820_d146_Nickel_V_c.fit
58683.317072	0.04167	16.073	16.006	16.14	19.27069	V	m15_data/M15-2_20190719_073635_d145_Nickel_V_c.fit
58683.3164	0.01389	15.659	15.608	15.71	18.70613	V	m15_data/M15-2_20190719_073537_d144_Nickel_V_c.fit
58676.37478	0.125	15.704	15.666	15.742	20.08491	V	m15_data/M15-2_20190712_085941_d164_Nickel_V_c.fit
58676.373056	0.04167	15.53	15.506	15.554	19.84363	V	m15_data/M15-2_20190712_085712_d163_Nickel_V_c.fit
58676.372269	0.01389	15.515	15.491	15.539	19.33326	V	m15_data/M15-2_20190712_085604_d162_Nickel_V_c.fit
58672.475347	0.125	15.806	15.765	15.847	20.00311	V	m15_data/M15-2_20190708_112430_d213_Nickel_V_c.fit
58672.473981	0.04167	15.729	15.693	15.765	19.80592	V	m15_data/M15-2_20190708_112232_d212_Nickel_V_c.fit
58672.47316	0.01389	15.733	15.696	15.77	19.15374	V	m15_data/M15-2_20190708_112121_d211_Nickel_V_c.fit
58664.401007	0.04167	16.096	16.013	16.179	18.5073	V	m15_data/M15-2_20190630_093727_d190_Nickel_V_c.fit
58664.400324	0.01389	16.107	16.011	16.203	17.66572	V	m15_data/M15-2_20190630_093628_d189_Nickel_V_c.fit
58658.39	0.125	15.946	15.885	16.007	19.86904	V	m15_data/M15-2_20190624_092136_d133_Nickel_V_c.fit
58658.388137	0.04167	15.939	15.881	15.997	19.50862	V	m15_data/M15-2_20190624_091855_d132_Nickel_V_c.fit
58658.387512	0.01389	15.529	15.504	15.554	18.95824	V	m15_data/M15-2_20190624_091801_d131_Nickel_V_c.fit
58653.40309	0.125	15.924	15.872	15.976	19.83399	V	m15_data/M15-2_20190619_094027_d175_Nickel_V_c.fit
58653.401921	0.04167	15.552	15.53	15.574	19.7101	V	m15_data/M15-2_20190619_093846_d174_Nickel_V_c.fit
58653.399977	0.04167	15.85	15.772	15.928	19.43999	V	m15_data/M15-2_20190619_093558_d173_Nickel_V_c.fit
58653.399363	0.01389	15.559	15.538	15.58	19.15597	V	m15_data/M15-2_20190619_093505_d172_Nickel_V_c.fit
