;; MJD	etburst	mag	-emag	+emag	limmag	filter	imagename
59058.467743	0.125	14.094	14.077	14.111	19.96769	V	m15_data/M15-2_20200728_111333_d228_Nickel_V_c.fit
59058.466412	0.04167	14.106	14.086	14.126	19.60491	V	m15_data/M15-2_20200728_111138_d227_Nickel_V_c.fit
59058.46537	0.01389	14.0	13.989	14.011	19.3569	V	m15_data/M15-2_20200728_111008_d226_Nickel_V_c.fit
59058.436493	0.125	13.976	13.96	13.992	20.22717	V	m15_data/M15-2_20200728_102833_d208_Nickel_V_c.fit
59058.435405	0.04167	13.982	13.965	13.999	19.89073	V	m15_data/M15-2_20200728_102659_d207_Nickel_V_c.fit
59058.434491	0.01389	13.99	13.979	14.001	19.60435	V	m15_data/M15-2_20200728_102540_d206_Nickel_V_c.fit
59058.398889	0.125	13.986	13.972	14.0	20.18587	V	m15_data/M15-2_20200728_093424_d192_Nickel_V_c.fit
59058.397801	0.04167	14.047	14.033	14.061	19.86601	V	m15_data/M15-2_20200728_093250_d191_Nickel_V_c.fit
59058.396979	0.01389	13.998	13.987	14.009	19.48646	V	m15_data/M15-2_20200728_093139_d190_Nickel_V_c.fit
59058.364988	0.125	13.998	13.985	14.011	20.63962	V	m15_data/M15-2_20200728_084535_d176_Nickel_V_c.fit
59058.3639	0.04167	13.999	13.989	14.009	20.32189	V	m15_data/M15-2_20200728_084401_d175_Nickel_V_c.fit
59058.36316	0.01389	13.984	13.975	13.993	19.69506	V	m15_data/M15-2_20200728_084257_d174_Nickel_V_c.fit
59058.345521	0.125	13.989	13.976	14.002	20.29821	V	m15_data/M15-2_20200728_081733_d164_Nickel_V_c.fit
59058.344433	0.04167	13.989	13.977	14.001	20.01998	V	m15_data/M15-2_20200728_081559_d163_Nickel_V_c.fit
59058.343773	0.01389	13.991	13.982	14.0	19.50578	V	m15_data/M15-2_20200728_081502_d162_Nickel_V_c.fit
59058.326505	0.125	14.015	14.002	14.028	20.12911	V	m15_data/M15-2_20200728_075010_d152_Nickel_V_c.fit
59058.325417	0.04167	14.044	14.032	14.056	19.87866	V	m15_data/M15-2_20200728_074836_d151_Nickel_V_c.fit
59058.324792	0.01389	13.967	13.958	13.976	19.27564	V	m15_data/M15-2_20200728_074742_d150_Nickel_V_c.fit
59054.335255	0.125	14.107	14.089	14.125	19.79953	V	m15_data/M15-2_20200724_080246_d169_Nickel_V_c.fit
59054.333738	0.04167	14.088	14.069	14.107	19.57638	V	m15_data/M15-2_20200724_080035_d168_Nickel_V_c.fit
59054.332407	0.01389	14.122	14.104	14.14	18.61369	V	m15_data/M15-2_20200724_075840_d167_Nickel_V_c.fit
59051.331458	0.125	14.025	14.012	14.038	20.17117	V	m15_data/M15-2_20200721_075718_d150_Nickel_V_c.fit
59051.330185	0.04167	14.054	14.039	14.069	19.86079	V	m15_data/M15-2_20200721_075528_d149_Nickel_V_c.fit
59051.32956	0.01389	13.982	13.974	13.99	19.40281	V	m15_data/M15-2_20200721_075434_d148_Nickel_V_c.fit
59043.354873	0.125	14.056	14.038	14.074	20.01925	V	m15_data/M15-2_20200713_083101_d185_Nickel_V_c.fit
59043.353414	0.04167	14.039	14.026	14.052	19.73089	V	m15_data/M15-2_20200713_082855_d184_Nickel_V_c.fit
59043.350625	0.01389	14.037	14.019	14.055	19.02028	V	m15_data/M15-2_20200713_082454_d183_Nickel_V_c.fit
59039.41022	0.125	14.016	14.001	14.031	19.91906	V	m15_data/M15-2_20200709_095043_d173_Nickel_V_c.fit
59039.409016	0.04167	14.018	14.004	14.032	19.46989	V	m15_data/M15-2_20200709_094859_d172_Nickel_V_c.fit
59039.408102	0.01389	13.998	13.987	14.009	18.82179	V	m15_data/M15-2_20200709_094740_d171_Nickel_V_c.fit
59039.405937	0.01389	14.04	14.021	14.059	18.80512	V	m15_data/M15-2_20200709_094433_d170_Nickel_V_c.fit
59030.454745	0.04167	14.916	14.9	14.932	20.12897	B	m15_data/M15-2_20200630_105450_d186_Nickel_B_c.fit
59030.452199	0.125	14.051	14.037	14.065	20.23433	V	m15_data/M15-2_20200630_105110_d185_Nickel_V_c.fit
59030.451111	0.04167	14.046	14.03	14.062	19.80042	V	m15_data/M15-2_20200630_104936_d184_Nickel_V_c.fit
59030.450428	0.01389	13.999	13.99	14.008	19.57708	V	m15_data/M15-2_20200630_104837_d183_Nickel_V_c.fit
59026.453715	0.125	14.024	14.007	14.041	19.99365	V	m15_data/M15-2_20200626_105321_d157_Nickel_V_c.fit
59026.451863	0.04167	14.054	14.037	14.071	19.75916	V	m15_data/M15-2_20200626_105041_d156_Nickel_V_c.fit
59026.450324	0.01389	14.025	14.01	14.04	19.16033	V	m15_data/M15-2_20200626_104828_d155_Nickel_V_c.fit
59022.394792	0.125	14.058	14.041	14.075	19.87436	V	m15_data/M15-2_20200622_092830_d136_Nickel_V_c.fit
59022.393264	0.04167	14.054	14.038	14.07	19.68844	V	m15_data/M15-2_20200622_092618_d135_Nickel_V_c.fit
59022.392569	0.01389	14.043	14.023	14.063	19.16013	V	m15_data/M15-2_20200622_092518_d134_Nickel_V_c.fit
59018.437037	0.125	14.069	14.054	14.084	19.72726	V	m15_data/M15-2_20200618_102920_d197_Nickel_V_c.fit
59018.434525	0.04167	14.052	14.036	14.068	19.62441	V	m15_data/M15-2_20200618_102543_d196_Nickel_V_c.fit
59018.433843	0.01389	14.049	14.034	14.064	18.94982	V	m15_data/M15-2_20200618_102444_d195_Nickel_V_c.fit
58994.493009	0.04167	13.398	13.389	13.407	19.73704	R	m15_data/M15-2_20200525_114956_d187_Nickel_R_c.fit
58994.465451	0.125	13.995	13.983	14.007	20.44787	V	m15_data/M15-2_20200525_111015_d171_Nickel_V_c.fit
58994.464016	0.04167	13.985	13.973	13.997	19.97328	V	m15_data/M15-2_20200525_110811_d170_Nickel_V_c.fit
58994.462766	0.01389	13.977	13.967	13.987	19.37227	V	m15_data/M15-2_20200525_110623_d169_Nickel_V_c.fit
58994.460012	0.125	14.924	14.899	14.949	20.62189	B	m15_data/M15-2_20200525_110225_d168_Nickel_B_c.fit
58994.458843	0.04167	14.947	14.922	14.972	20.2345	B	m15_data/M15-2_20200525_110044_d167_Nickel_B_c.fit
58994.458148	0.01389	14.954	14.936	14.972	19.52122	B	m15_data/M15-2_20200525_105944_d166_Nickel_B_c.fit
58990.48978	0.125	14.1	14.085	14.115	19.6306	V	m15_data/M15-2_20200521_114517_d202_Nickel_V_c.fit
58990.488704	0.04167	14.085	14.069	14.101	19.30825	V	m15_data/M15-2_20200521_114344_d201_Nickel_V_c.fit
58990.488056	0.01389	14.034	14.022	14.046	18.95141	V	m15_data/M15-2_20200521_114248_d200_Nickel_V_c.fit
58974.502685	0.125	14.21	14.193	14.227	19.41544	V	m15_data/M15-2_20200505_120352_d192_Nickel_V_c.fit
58974.50103	0.04167	14.053	14.04	14.066	19.44254	V	m15_data/M15-2_20200505_120129_d191_Nickel_V_c.fit
58974.499838	0.01389	14.072	14.055	14.089	18.66975	V	m15_data/M15-2_20200505_115946_d190_Nickel_V_c.fit
58805.183831	0.125	14.089	14.073	14.105	19.83228	V	m15_data/M15-2_20191118_042443_d163_Nickel_V_c.fit
58805.182662	0.04167	14.086	14.07	14.102	19.45403	V	m15_data/M15-2_20191118_042302_d162_Nickel_V_c.fit
58805.182049	0.01389	14.077	14.062	14.092	19.0237	V	m15_data/M15-2_20191118_042209_d161_Nickel_V_c.fit
58805.093241	0.125	14.053	14.036	14.07	20.14323	V	m15_data/M15-2_20191118_021416_d135_Nickel_V_c.fit
58805.092153	0.04167	14.001	13.984	14.018	19.95529	V	m15_data/M15-2_20191118_021242_d134_Nickel_V_c.fit
58805.091528	0.01389	14.055	14.036	14.074	19.2161	V	m15_data/M15-2_20191118_021148_d133_Nickel_V_c.fit
58794.13875	0.125	14.052	14.039	14.065	19.97794	V	m15_data/M15-2_20191107_031948_d138_Nickel_V_c.fit
58794.12544	0.04167	14.05	14.031	14.069	19.65314	V	m15_data/M15-2_20191107_030038_d136_Nickel_V_c.fit
58794.124583	0.01389	13.994	13.983	14.005	19.01687	V	m15_data/M15-2_20191107_025924_d135_Nickel_V_c.fit
58792.132975	0.125	14.066	14.046	14.086	20.04921	V	m15_data/M15-2_20191105_031129_d150_Nickel_V_c.fit
58792.131748	0.04167	14.006	13.99	14.022	19.85055	V	m15_data/M15-2_20191105_030943_d149_Nickel_V_c.fit
58792.129884	0.04167	14.008	13.989	14.027	19.73021	V	m15_data/M15-2_20191105_030702_d148_Nickel_V_c.fit
58789.280856	0.125	14.013	13.998	14.028	19.92322	V	m15_data/M15-2_20191102_064426_d170_Nickel_V_c.fit
58789.278634	0.04167	14.024	14.01	14.038	19.65798	V	m15_data/M15-2_20191102_064114_d169_Nickel_V_c.fit
58789.277685	0.01389	13.978	13.969	13.987	19.20493	V	m15_data/M15-2_20191102_063952_d168_Nickel_V_c.fit
58789.18287	0.125	14.071	14.057	14.085	20.13673	V	m15_data/M15-2_20191102_042320_d150_Nickel_V_c.fit
58789.181493	0.04167	13.997	13.984	14.01	19.89147	V	m15_data/M15-2_20191102_042121_d149_Nickel_V_c.fit
58789.180197	0.01389	13.99	13.981	13.999	19.44339	V	m15_data/M15-2_20191102_041929_d148_Nickel_V_c.fit
58788.162905	0.125	14.057	14.042	14.072	19.86422	V	m15_data/M15-2_20191101_035435_d157_Nickel_V_c.fit
58788.161829	0.04167	14.071	14.056	14.086	19.5424	V	m15_data/M15-2_20191101_035302_d156_Nickel_V_c.fit
58788.161181	0.01389	14.051	14.035	14.067	19.18389	V	m15_data/M15-2_20191101_035206_d155_Nickel_V_c.fit
58779.246875	0.125	14.093	14.077	14.109	19.86063	V	m15_data/M15-2_20191023_055530_d140_Nickel_V_c.fit
58779.245706	0.04167	14.086	14.07	14.102	19.40889	V	m15_data/M15-2_20191023_055349_d139_Nickel_V_c.fit
58779.245023	0.01389	14.068	14.052	14.084	19.08216	V	m15_data/M15-2_20191023_055250_d138_Nickel_V_c.fit
58775.258148	0.125	14.079	14.064	14.094	19.88794	V	m15_data/M15-2_20191019_061144_d145_Nickel_V_c.fit
58775.256389	0.04167	14.144	14.128	14.16	19.02931	V	m15_data/M15-2_20191019_060912_d144_Nickel_V_c.fit
58775.254988	0.01389	14.141	14.123	14.159	18.42072	V	m15_data/M15-2_20191019_060711_d143_Nickel_V_c.fit
58769.344884	0.125	14.033	14.02	14.046	19.3472	V	m15_data/M15-2_20191013_081638_d306_Nickel_V_c.fit
58769.343785	0.04167	14.053	14.042	14.064	18.8738	V	m15_data/M15-2_20191013_081503_d305_Nickel_V_c.fit
58763.218843	0.125	14.105	14.089	14.121	18.36114	V	m15_data/M15-2_20191007_051508_d142_Nickel_V_c.fit
58763.216678	0.04167	14.061	14.043	14.079	19.54168	V	m15_data/M15-2_20191007_051201_d141_Nickel_V_c.fit
58763.216019	0.01389	14.05	14.031	14.069	19.04595	V	m15_data/M15-2_20191007_051104_d140_Nickel_V_c.fit
58759.212986	0.125	14.081	14.063	14.099	19.84881	V	m15_data/M15-2_20191003_050642_d142_Nickel_V_c.fit
58759.211678	0.04167	14.076	14.054	14.098	19.62994	V	m15_data/M15-2_20191003_050449_d141_Nickel_V_c.fit
58759.211042	0.01389	14.067	14.047	14.087	19.15216	V	m15_data/M15-2_20191003_050354_d140_Nickel_V_c.fit
58751.215417	0.125	14.029	14.014	14.044	20.20233	V	m15_data/M15-2_20190925_051012_d150_Nickel_V_c.fit
58751.214155	0.04167	14.041	14.025	14.057	19.93765	V	m15_data/M15-2_20190925_050823_d149_Nickel_V_c.fit
58751.213391	0.01389	13.989	13.979	13.999	19.42534	V	m15_data/M15-2_20190925_050717_d148_Nickel_V_c.fit
58738.252338	0.125	14.068	14.051	14.085	19.428	V	m15_data/M15-2_20190912_060322_d162_Nickel_V_c.fit
58738.251181	0.04167	14.086	14.069	14.103	19.01532	V	m15_data/M15-2_20190912_060142_d161_Nickel_V_c.fit
58738.25015	0.01389	14.056	14.039	14.073	18.26044	V	m15_data/M15-2_20190912_060013_d160_Nickel_V_c.fit
58735.297986	0.125	14.133	14.116	14.15	19.42197	V	m15_data/M15-2_20190909_070906_d158_Nickel_V_c.fit
58735.29691	0.04167	14.115	14.096	14.134	19.20966	V	m15_data/M15-2_20190909_070733_d157_Nickel_V_c.fit
58735.295486	0.01389	14.107	14.089	14.125	18.62211	V	m15_data/M15-2_20190909_070530_d156_Nickel_V_c.fit
58731.364595	0.125	13.975	13.961	13.989	20.26925	V	m15_data/M15-2_20190905_084501_d190_Nickel_V_c.fit
58731.362905	0.04167	14.024	14.011	14.037	19.92057	V	m15_data/M15-2_20190905_084235_d189_Nickel_V_c.fit
58731.362257	0.01389	14.041	14.027	14.055	19.26036	V	m15_data/M15-2_20190905_084139_d188_Nickel_V_c.fit
58731.188102	0.01389	13.713	13.694	13.732	19.26422	V	m15_data/M15-2_20190905_043052_d136_Nickel_V_c.fit
58731.186424	0.04167	13.754	13.736	13.772	19.88774	V	m15_data/M15-2_20190905_042827_d135_Nickel_V_c.fit
58731.174491	0.125	13.957	13.941	13.973	20.1545	V	m15_data/M15-2_20190905_041116_d131_Nickel_V_c.fit
58713.312604	0.125	14.078	14.061	14.095	19.71924	V	m15_data/M15-2_20190818_073009_d153_Nickel_V_c.fit
58713.311042	0.04167	14.076	14.058	14.094	19.33549	V	m15_data/M15-2_20190818_072754_d152_Nickel_V_c.fit
58713.310035	0.01389	14.08	14.059	14.101	18.69903	V	m15_data/M15-2_20190818_072627_d151_Nickel_V_c.fit
58708.294803	0.125	14.135	14.114	14.156	19.37982	V	m15_data/M15-2_20190813_070431_d163_Nickel_V_c.fit
58708.293079	0.04167	14.093	14.073	14.113	19.05756	V	m15_data/M15-2_20190813_070202_d162_Nickel_V_c.fit
58708.291875	0.01389	14.091	14.07	14.112	18.55259	V	m15_data/M15-2_20190813_070018_d161_Nickel_V_c.fit
58697.33603	0.125	14.29	14.27	14.31	19.13922	V	m15_data/M15-2_20190802_080353_d162_Nickel_V_c.fit
58697.33478	0.04167	14.273	14.254	14.292	18.91892	V	m15_data/M15-2_20190802_080205_d161_Nickel_V_c.fit
58697.334016	0.01389	14.264	14.24	14.288	18.34652	V	m15_data/M15-2_20190802_080059_d160_Nickel_V_c.fit
58694.35397	0.04167	14.133	14.112	14.154	19.49787	V	m15_data/M15-2_20190730_082943_d140_Nickel_V_c.fit
58694.353333	0.01389	14.122	14.099	14.145	18.93063	V	m15_data/M15-2_20190730_082848_d139_Nickel_V_c.fit
58690.317986	0.125	14.062	14.046	14.078	20.00122	V	m15_data/M15-2_20190726_073754_d169_Nickel_V_c.fit
58690.316667	0.04167	14.051	14.035	14.067	19.74736	V	m15_data/M15-2_20190726_073600_d168_Nickel_V_c.fit
58690.315613	0.01389	14.047	14.032	14.062	19.24817	V	m15_data/M15-2_20190726_073429_d167_Nickel_V_c.fit
58683.318287	0.125	14.052	14.038	14.066	19.66839	V	m15_data/M15-2_20190719_073820_d146_Nickel_V_c.fit
58683.317072	0.04167	14.05	14.033	14.067	19.27825	V	m15_data/M15-2_20190719_073635_d145_Nickel_V_c.fit
58683.3164	0.01389	14.017	14.002	14.032	18.70613	V	m15_data/M15-2_20190719_073537_d144_Nickel_V_c.fit
58676.37478	0.125	14.035	14.02	14.05	20.08491	V	m15_data/M15-2_20190712_085941_d164_Nickel_V_c.fit
58676.373056	0.04167	13.996	13.979	14.013	19.84363	V	m15_data/M15-2_20190712_085712_d163_Nickel_V_c.fit
58676.372269	0.01389	13.982	13.971	13.993	19.32992	V	m15_data/M15-2_20190712_085604_d162_Nickel_V_c.fit
58672.475347	0.125	14.095	14.078	14.112	20.00311	V	m15_data/M15-2_20190708_112430_d213_Nickel_V_c.fit
58672.473981	0.04167	14.082	14.066	14.098	19.80592	V	m15_data/M15-2_20190708_112232_d212_Nickel_V_c.fit
58672.47316	0.01389	14.107	14.09	14.124	19.15374	V	m15_data/M15-2_20190708_112121_d211_Nickel_V_c.fit
58672.292373	0.125	14.307	14.291	14.323	18.83008	V	m15_data/M15-2_20190708_070101_d164_Nickel_V_c.fit
58672.291296	0.04167	14.264	14.248	14.28	18.44557	V	m15_data/M15-2_20190708_065928_d163_Nickel_V_c.fit
58672.290671	0.01389	14.223	14.203	14.243	17.99478	V	m15_data/M15-2_20190708_065834_d162_Nickel_V_c.fit
58664.402072	0.125	14.156	14.138	14.174	18.0254	V	m15_data/M15-2_20190630_093859_d191_Nickel_V_c.fit
58664.401007	0.04167	14.108	14.087	14.129	18.50397	V	m15_data/M15-2_20190630_093727_d190_Nickel_V_c.fit
58664.400324	0.01389	14.098	14.079	14.117	17.64261	V	m15_data/M15-2_20190630_093628_d189_Nickel_V_c.fit
58658.39	0.125	14.05	14.034	14.066	19.86904	V	m15_data/M15-2_20190624_092136_d133_Nickel_V_c.fit
58658.388137	0.04167	14.03	14.013	14.047	19.50862	V	m15_data/M15-2_20190624_091855_d132_Nickel_V_c.fit
58658.387512	0.01389	13.984	13.973	13.995	18.95213	V	m15_data/M15-2_20190624_091801_d131_Nickel_V_c.fit
58653.40309	0.125	14.038	14.022	14.054	19.83399	V	m15_data/M15-2_20190619_094027_d175_Nickel_V_c.fit
58653.401921	0.04167	14.019	14.002	14.036	19.7101	V	m15_data/M15-2_20190619_093846_d174_Nickel_V_c.fit
58653.399977	0.04167	14.02	13.999	14.041	19.43999	V	m15_data/M15-2_20190619_093558_d173_Nickel_V_c.fit
58653.399363	0.01389	13.984	13.973	13.995	19.14464	V	m15_data/M15-2_20190619_093505_d172_Nickel_V_c.fit
