;; MJD	etburst	mag	-emag	+emag	limmag	filter	imagename
59058.467743	0.125	15.638	15.616	15.66	19.96769	V	m15_data/M15-2_20200728_111333_d228_Nickel_V_c.fit
59058.466412	0.04167	15.606	15.575	15.637	19.60491	V	m15_data/M15-2_20200728_111138_d227_Nickel_V_c.fit
59058.46537	0.01389	15.722	15.685	15.759	19.36178	V	m15_data/M15-2_20200728_111008_d226_Nickel_V_c.fit
59058.436493	0.125	15.667	15.636	15.698	20.22717	V	m15_data/M15-2_20200728_102833_d208_Nickel_V_c.fit
59058.435405	0.04167	15.692	15.663	15.721	19.89073	V	m15_data/M15-2_20200728_102659_d207_Nickel_V_c.fit
59058.434491	0.01389	15.752	15.71	15.794	19.60535	V	m15_data/M15-2_20200728_102540_d206_Nickel_V_c.fit
59058.398889	0.125	15.673	15.641	15.705	20.18587	V	m15_data/M15-2_20200728_093424_d192_Nickel_V_c.fit
59058.397801	0.04167	15.709	15.68	15.738	19.86601	V	m15_data/M15-2_20200728_093250_d191_Nickel_V_c.fit
59058.396979	0.01389	15.741	15.698	15.784	19.49179	V	m15_data/M15-2_20200728_093139_d190_Nickel_V_c.fit
59058.364988	0.125	15.741	15.693	15.789	20.63962	V	m15_data/M15-2_20200728_084535_d176_Nickel_V_c.fit
59058.3639	0.04167	15.747	15.699	15.795	20.32189	V	m15_data/M15-2_20200728_084401_d175_Nickel_V_c.fit
59058.36316	0.01389	15.777	15.732	15.822	19.69573	V	m15_data/M15-2_20200728_084257_d174_Nickel_V_c.fit
59058.345521	0.125	15.693	15.659	15.727	20.29821	V	m15_data/M15-2_20200728_081733_d164_Nickel_V_c.fit
59058.344433	0.04167	15.697	15.662	15.732	20.01998	V	m15_data/M15-2_20200728_081559_d163_Nickel_V_c.fit
59058.343773	0.01389	15.748	15.71	15.786	19.506	V	m15_data/M15-2_20200728_081502_d162_Nickel_V_c.fit
59058.326505	0.125	15.661	15.635	15.687	20.12911	V	m15_data/M15-2_20200728_075010_d152_Nickel_V_c.fit
59058.325417	0.04167	15.679	15.655	15.703	19.87866	V	m15_data/M15-2_20200728_074836_d151_Nickel_V_c.fit
59058.324792	0.01389	15.648	15.617	15.679	19.27998	V	m15_data/M15-2_20200728_074742_d150_Nickel_V_c.fit
59054.418553	0.125	15.633	15.609	15.657	19.88201	V	m15_data/M15-2_20200724_100243_d201_Nickel_V_c.fit
59054.417454	0.04167	15.632	15.605	15.659	19.57751	V	m15_data/M15-2_20200724_100108_d200_Nickel_V_c.fit
59054.41669	0.01389	15.564	15.535	15.593	18.94632	V	m15_data/M15-2_20200724_100002_d199_Nickel_V_c.fit
59054.335255	0.125	15.574	15.547	15.601	19.79953	V	m15_data/M15-2_20200724_080246_d169_Nickel_V_c.fit
59054.333738	0.04167	15.632	15.608	15.656	19.57638	V	m15_data/M15-2_20200724_080035_d168_Nickel_V_c.fit
59054.332407	0.01389	16.069	16.01	16.128	18.60869	V	m15_data/M15-2_20200724_075840_d167_Nickel_V_c.fit
59051.331458	0.125	15.688	15.66	15.716	20.17117	V	m15_data/M15-2_20200721_075718_d150_Nickel_V_c.fit
59051.330185	0.04167	15.709	15.683	15.735	19.86079	V	m15_data/M15-2_20200721_075528_d149_Nickel_V_c.fit
59051.32956	0.01389	15.704	15.673	15.735	19.40425	V	m15_data/M15-2_20200721_075434_d148_Nickel_V_c.fit
59043.354873	0.125	15.648	15.621	15.675	20.01925	V	m15_data/M15-2_20200713_083101_d185_Nickel_V_c.fit
59043.353414	0.04167	15.655	15.626	15.684	19.73089	V	m15_data/M15-2_20200713_082855_d184_Nickel_V_c.fit
59043.350625	0.01389	15.668	15.642	15.694	19.02028	V	m15_data/M15-2_20200713_082454_d183_Nickel_V_c.fit
59039.41022	0.125	15.706	15.673	15.739	19.91906	V	m15_data/M15-2_20200709_095043_d173_Nickel_V_c.fit
59039.409016	0.04167	15.712	15.683	15.741	19.46989	V	m15_data/M15-2_20200709_094859_d172_Nickel_V_c.fit
59039.408102	0.01389	15.758	15.727	15.789	18.82579	V	m15_data/M15-2_20200709_094740_d171_Nickel_V_c.fit
59039.405937	0.01389	15.695	15.665	15.725	18.80512	V	m15_data/M15-2_20200709_094433_d170_Nickel_V_c.fit
59030.454745	0.04167	16.38	16.343	16.417	20.13397	B	m15_data/M15-2_20200630_105450_d186_Nickel_B_c.fit
59030.452199	0.125	15.703	15.674	15.732	20.23433	V	m15_data/M15-2_20200630_105110_d185_Nickel_V_c.fit
59030.451111	0.04167	15.7	15.671	15.729	19.80042	V	m15_data/M15-2_20200630_104936_d184_Nickel_V_c.fit
59030.450428	0.01389	15.769	15.722	15.816	19.57786	V	m15_data/M15-2_20200630_104837_d183_Nickel_V_c.fit
59026.453715	0.125	15.649	15.627	15.671	19.99365	V	m15_data/M15-2_20200626_105321_d157_Nickel_V_c.fit
59026.451863	0.04167	15.635	15.611	15.659	19.75916	V	m15_data/M15-2_20200626_105041_d156_Nickel_V_c.fit
59026.450324	0.01389	15.671	15.643	15.699	19.16033	V	m15_data/M15-2_20200626_104828_d155_Nickel_V_c.fit
59022.394792	0.125	15.567	15.545	15.589	19.87436	V	m15_data/M15-2_20200622_092830_d136_Nickel_V_c.fit
59022.393264	0.04167	16.01	15.975	16.045	19.68578	V	m15_data/M15-2_20200622_092618_d135_Nickel_V_c.fit
59022.392569	0.01389	15.634	15.61	15.658	19.16013	V	m15_data/M15-2_20200622_092518_d134_Nickel_V_c.fit
59018.437037	0.125	15.548	15.521	15.575	19.72726	V	m15_data/M15-2_20200618_102920_d197_Nickel_V_c.fit
59018.434525	0.04167	15.629	15.603	15.655	19.62441	V	m15_data/M15-2_20200618_102543_d196_Nickel_V_c.fit
59018.433843	0.01389	15.662	15.633	15.691	18.94982	V	m15_data/M15-2_20200618_102444_d195_Nickel_V_c.fit
58994.493009	0.04167	15.304	15.266	15.342	19.73704	R	m15_data/M15-2_20200525_114956_d187_Nickel_R_c.fit
58994.465451	0.125	15.712	15.676	15.748	20.44787	V	m15_data/M15-2_20200525_111015_d171_Nickel_V_c.fit
58994.464016	0.04167	15.684	15.653	15.715	19.97328	V	m15_data/M15-2_20200525_110811_d170_Nickel_V_c.fit
58994.462766	0.01389	15.714	15.683	15.745	19.37627	V	m15_data/M15-2_20200525_110623_d169_Nickel_V_c.fit
58994.460012	0.125	16.385	16.35	16.42	20.62189	B	m15_data/M15-2_20200525_110225_d168_Nickel_B_c.fit
58994.458843	0.04167	16.391	16.354	16.428	20.2345	B	m15_data/M15-2_20200525_110044_d167_Nickel_B_c.fit
58994.458148	0.01389	16.43	16.388	16.472	19.53344	B	m15_data/M15-2_20200525_105944_d166_Nickel_B_c.fit
58990.48978	0.125	16.019	15.98	16.058	19.61871	V	m15_data/M15-2_20200521_114517_d202_Nickel_V_c.fit
58990.488704	0.04167	15.602	15.577	15.627	19.30825	V	m15_data/M15-2_20200521_114344_d201_Nickel_V_c.fit
58990.488056	0.01389	15.696	15.667	15.725	18.95141	V	m15_data/M15-2_20200521_114248_d200_Nickel_V_c.fit
58974.502685	0.125	15.649	15.628	15.67	19.41544	V	m15_data/M15-2_20200505_120352_d192_Nickel_V_c.fit
58974.50103	0.04167	15.703	15.68	15.726	19.44254	V	m15_data/M15-2_20200505_120129_d191_Nickel_V_c.fit
58974.499838	0.01389	15.649	15.619	15.679	18.66975	V	m15_data/M15-2_20200505_115946_d190_Nickel_V_c.fit
58856.090764	0.01389	17.044	16.91	17.178	17.8933	B	m15_data/M15-2_20200108_021042_d132_Nickel_B_c.fit
58805.183831	0.125	15.622	15.602	15.642	19.83228	V	m15_data/M15-2_20191118_042443_d163_Nickel_V_c.fit
58805.182662	0.04167	15.614	15.591	15.637	19.45403	V	m15_data/M15-2_20191118_042302_d162_Nickel_V_c.fit
58805.182049	0.01389	15.639	15.615	15.663	19.0237	V	m15_data/M15-2_20191118_042209_d161_Nickel_V_c.fit
58805.093241	0.125	15.647	15.622	15.672	20.14323	V	m15_data/M15-2_20191118_021416_d135_Nickel_V_c.fit
58805.092153	0.04167	15.67	15.646	15.694	19.95529	V	m15_data/M15-2_20191118_021242_d134_Nickel_V_c.fit
58805.091528	0.01389	15.644	15.62	15.668	19.2161	V	m15_data/M15-2_20191118_021148_d133_Nickel_V_c.fit
58794.13875	0.125	15.678	15.648	15.708	19.97794	V	m15_data/M15-2_20191107_031948_d138_Nickel_V_c.fit
58794.12544	0.04167	15.653	15.627	15.679	19.65314	V	m15_data/M15-2_20191107_030038_d136_Nickel_V_c.fit
58794.124583	0.01389	15.703	15.677	15.729	19.02798	V	m15_data/M15-2_20191107_025924_d135_Nickel_V_c.fit
58792.132975	0.125	15.657	15.631	15.683	20.04921	V	m15_data/M15-2_20191105_031129_d150_Nickel_V_c.fit
58792.131748	0.04167	15.71	15.676	15.744	19.85055	V	m15_data/M15-2_20191105_030943_d149_Nickel_V_c.fit
58792.129884	0.04167	15.681	15.652	15.71	19.73021	V	m15_data/M15-2_20191105_030702_d148_Nickel_V_c.fit
58789.280856	0.125	15.673	15.652	15.694	19.92322	V	m15_data/M15-2_20191102_064426_d170_Nickel_V_c.fit
58789.278634	0.04167	15.683	15.655	15.711	19.65798	V	m15_data/M15-2_20191102_064114_d169_Nickel_V_c.fit
58789.277685	0.01389	15.75	15.71	15.79	19.20004	V	m15_data/M15-2_20191102_063952_d168_Nickel_V_c.fit
58789.18287	0.125	15.685	15.66	15.71	20.13673	V	m15_data/M15-2_20191102_042320_d150_Nickel_V_c.fit
58789.181493	0.04167	15.735	15.698	15.772	19.89147	V	m15_data/M15-2_20191102_042121_d149_Nickel_V_c.fit
58789.180197	0.01389	15.727	15.687	15.767	19.44806	V	m15_data/M15-2_20191102_041929_d148_Nickel_V_c.fit
58788.162905	0.125	15.586	15.562	15.61	19.86422	V	m15_data/M15-2_20191101_035435_d157_Nickel_V_c.fit
58788.161829	0.04167	15.625	15.599	15.651	19.5424	V	m15_data/M15-2_20191101_035302_d156_Nickel_V_c.fit
58788.161181	0.01389	15.654	15.627	15.681	19.18389	V	m15_data/M15-2_20191101_035206_d155_Nickel_V_c.fit
58779.246875	0.125	15.612	15.589	15.635	19.86063	V	m15_data/M15-2_20191023_055530_d140_Nickel_V_c.fit
58779.245706	0.04167	16.02	15.987	16.053	19.40489	V	m15_data/M15-2_20191023_055349_d139_Nickel_V_c.fit
58779.245023	0.01389	15.691	15.667	15.715	19.08216	V	m15_data/M15-2_20191023_055250_d138_Nickel_V_c.fit
58775.258148	0.125	15.639	15.616	15.662	19.88794	V	m15_data/M15-2_20191019_061144_d145_Nickel_V_c.fit
58769.344884	0.125	15.707	15.682	15.732	19.3472	V	m15_data/M15-2_20191013_081638_d306_Nickel_V_c.fit
58769.343785	0.04167	15.737	15.706	15.768	18.8738	V	m15_data/M15-2_20191013_081503_d305_Nickel_V_c.fit
58769.342627	0.01389	15.7	15.668	15.732	18.34542	V	m15_data/M15-2_20191013_081323_d304_Nickel_V_c.fit
58768.306377	0.125	15.685	15.659	15.711	19.51164	V	m15_data/M15-2_20191012_072111_d181_Nickel_V_c.fit
58768.305231	0.04167	15.685	15.659	15.711	18.99572	V	m15_data/M15-2_20191012_071932_d180_Nickel_V_c.fit
58768.30434	0.01389	15.699	15.667	15.731	18.36545	V	m15_data/M15-2_20191012_071815_d179_Nickel_V_c.fit
58763.218843	0.125	15.698	15.673	15.723	18.36114	V	m15_data/M15-2_20191007_051508_d142_Nickel_V_c.fit
58763.216678	0.04167	15.659	15.637	15.681	19.54168	V	m15_data/M15-2_20191007_051201_d141_Nickel_V_c.fit
58763.216019	0.01389	15.67	15.647	15.693	19.04595	V	m15_data/M15-2_20191007_051104_d140_Nickel_V_c.fit
58759.212986	0.125	15.575	15.553	15.597	19.84881	V	m15_data/M15-2_20191003_050642_d142_Nickel_V_c.fit
58759.211678	0.04167	15.598	15.569	15.627	19.62994	V	m15_data/M15-2_20191003_050449_d141_Nickel_V_c.fit
58759.211042	0.01389	15.668	15.638	15.698	19.15216	V	m15_data/M15-2_20191003_050354_d140_Nickel_V_c.fit
58751.215417	0.125	15.657	15.63	15.684	20.20233	V	m15_data/M15-2_20190925_051012_d150_Nickel_V_c.fit
58751.214155	0.04167	15.678	15.651	15.705	19.93765	V	m15_data/M15-2_20190925_050823_d149_Nickel_V_c.fit
58751.213391	0.01389	15.658	15.63	15.686	19.43267	V	m15_data/M15-2_20190925_050717_d148_Nickel_V_c.fit
58746.376273	0.04167	15.585	15.553	15.617	18.23006	V	m15_data/M15-2_20190920_090150_d132_Nickel_V_c.fit
58746.375671	0.01389	15.591	15.532	15.65	16.99215	V	m15_data/M15-2_20190920_090058_d131_Nickel_V_c.fit
58738.252338	0.125	15.571	15.548	15.594	19.428	V	m15_data/M15-2_20190912_060322_d162_Nickel_V_c.fit
58738.251181	0.04167	15.579	15.554	15.604	19.01532	V	m15_data/M15-2_20190912_060142_d161_Nickel_V_c.fit
58738.25015	0.01389	15.538	15.509	15.567	18.26044	V	m15_data/M15-2_20190912_060013_d160_Nickel_V_c.fit
58735.297986	0.125	16.085	16.027	16.143	19.4103	V	m15_data/M15-2_20190909_070906_d158_Nickel_V_c.fit
58735.29691	0.04167	15.557	15.528	15.586	19.20966	V	m15_data/M15-2_20190909_070733_d157_Nickel_V_c.fit
58735.295486	0.01389	15.573	15.539	15.607	18.62211	V	m15_data/M15-2_20190909_070530_d156_Nickel_V_c.fit
58731.364595	0.125	15.71	15.679	15.741	20.26925	V	m15_data/M15-2_20190905_084501_d190_Nickel_V_c.fit
58731.362905	0.04167	15.691	15.66	15.722	19.92057	V	m15_data/M15-2_20190905_084235_d189_Nickel_V_c.fit
58731.362257	0.01389	15.663	15.638	15.688	19.26036	V	m15_data/M15-2_20190905_084139_d188_Nickel_V_c.fit
58731.188102	0.01389	15.677	15.646	15.708	19.24844	V	m15_data/M15-2_20190905_043052_d136_Nickel_V_c.fit
58731.186424	0.04167	15.7	15.667	15.733	19.88774	V	m15_data/M15-2_20190905_042827_d135_Nickel_V_c.fit
58731.174491	0.125	15.678	15.649	15.707	20.1545	V	m15_data/M15-2_20190905_041116_d131_Nickel_V_c.fit
58728.185729	0.08333	15.623	15.599	15.647	19.93881	V	m15_data/M15-2_20190902_042727_d158_Nickel_V_c.fit
58728.184664	0.04167	15.593	15.568	15.618	19.67459	V	m15_data/M15-2_20190902_042555_d157_Nickel_V_c.fit
58728.183935	0.01389	16.032	15.998	16.066	19.00181	V	m15_data/M15-2_20190902_042452_d156_Nickel_V_c.fit
58724.245995	0.125	16.044	16.002	16.086	19.77262	V	m15_data/M15-2_20190829_055414_d159_Nickel_V_c.fit
58724.244919	0.04167	15.582	15.558	15.606	19.51717	V	m15_data/M15-2_20190829_055241_d158_Nickel_V_c.fit
58724.244282	0.01389	15.631	15.605	15.657	19.12435	V	m15_data/M15-2_20190829_055146_d157_Nickel_V_c.fit
58721.30662	0.125	15.628	15.607	15.649	20.11829	V	m15_data/M15-2_20190826_072132_d152_Nickel_V_c.fit
58721.304954	0.04167	15.646	15.623	15.669	19.79916	V	m15_data/M15-2_20190826_071908_d151_Nickel_V_c.fit
58721.304248	0.01389	15.636	15.609	15.663	19.22402	V	m15_data/M15-2_20190826_071807_d150_Nickel_V_c.fit
58713.312604	0.125	15.573	15.546	15.6	19.71924	V	m15_data/M15-2_20190818_073009_d153_Nickel_V_c.fit
58713.311042	0.04167	15.588	15.561	15.615	19.33549	V	m15_data/M15-2_20190818_072754_d152_Nickel_V_c.fit
58713.310035	0.01389	15.554	15.528	15.58	18.69903	V	m15_data/M15-2_20190818_072627_d151_Nickel_V_c.fit
58708.294803	0.125	16.087	16.014	16.16	19.3846	V	m15_data/M15-2_20190813_070431_d163_Nickel_V_c.fit
58708.293079	0.04167	15.546	15.512	15.58	19.05756	V	m15_data/M15-2_20190813_070202_d162_Nickel_V_c.fit
58708.291875	0.01389	15.616	15.582	15.65	18.55259	V	m15_data/M15-2_20190813_070018_d161_Nickel_V_c.fit
58694.35397	0.04167	15.633	15.609	15.657	19.49787	V	m15_data/M15-2_20190730_082943_d140_Nickel_V_c.fit
58694.353333	0.01389	15.685	15.657	15.713	18.93063	V	m15_data/M15-2_20190730_082848_d139_Nickel_V_c.fit
58690.317986	0.125	15.63	15.607	15.653	20.00122	V	m15_data/M15-2_20190726_073754_d169_Nickel_V_c.fit
58690.316667	0.04167	15.646	15.621	15.671	19.74736	V	m15_data/M15-2_20190726_073600_d168_Nickel_V_c.fit
58690.315613	0.01389	15.649	15.623	15.675	19.24817	V	m15_data/M15-2_20190726_073429_d167_Nickel_V_c.fit
58683.318287	0.125	15.639	15.619	15.659	19.66839	V	m15_data/M15-2_20190719_073820_d146_Nickel_V_c.fit
58683.317072	0.04167	15.662	15.64	15.684	19.27825	V	m15_data/M15-2_20190719_073635_d145_Nickel_V_c.fit
58683.3164	0.01389	15.614	15.588	15.64	18.70613	V	m15_data/M15-2_20190719_073537_d144_Nickel_V_c.fit
58676.37478	0.125	15.672	15.648	15.696	20.08491	V	m15_data/M15-2_20190712_085941_d164_Nickel_V_c.fit
58676.373056	0.04167	15.676	15.645	15.707	19.84363	V	m15_data/M15-2_20190712_085712_d163_Nickel_V_c.fit
58676.372269	0.01389	15.693	15.655	15.731	19.33326	V	m15_data/M15-2_20190712_085604_d162_Nickel_V_c.fit
58672.475347	0.125	15.62	15.597	15.643	20.00311	V	m15_data/M15-2_20190708_112430_d213_Nickel_V_c.fit
58672.473981	0.04167	15.658	15.635	15.681	19.80592	V	m15_data/M15-2_20190708_112232_d212_Nickel_V_c.fit
58672.47316	0.01389	15.679	15.652	15.706	19.15374	V	m15_data/M15-2_20190708_112121_d211_Nickel_V_c.fit
58664.401007	0.04167	16.144	16.065	16.223	18.5073	V	m15_data/M15-2_20190630_093727_d190_Nickel_V_c.fit
58664.400324	0.01389	15.557	15.512	15.602	17.64806	V	m15_data/M15-2_20190630_093628_d189_Nickel_V_c.fit
58661.380278	0.01389	14.564	14.537	14.591	17.31899	V	m15_data/M15-2_20190627_090736_d145_Nickel_V_c.fit
58658.39	0.125	15.614	15.593	15.635	19.86904	V	m15_data/M15-2_20190624_092136_d133_Nickel_V_c.fit
58658.388137	0.04167	15.649	15.627	15.671	19.50862	V	m15_data/M15-2_20190624_091855_d132_Nickel_V_c.fit
58658.387512	0.01389	15.708	15.676	15.74	18.95824	V	m15_data/M15-2_20190624_091801_d131_Nickel_V_c.fit
58653.40309	0.125	15.658	15.636	15.68	19.83399	V	m15_data/M15-2_20190619_094027_d175_Nickel_V_c.fit
58653.401921	0.04167	15.73	15.696	15.764	19.7101	V	m15_data/M15-2_20190619_093846_d174_Nickel_V_c.fit
58653.399977	0.04167	15.669	15.626	15.712	19.43999	V	m15_data/M15-2_20190619_093558_d173_Nickel_V_c.fit
58653.399363	0.01389	15.711	15.675	15.747	19.15597	V	m15_data/M15-2_20190619_093505_d172_Nickel_V_c.fit
