;; MJD	etburst	mag	-emag	+emag	limmag	filter	imagename
59058.467743	0.125	15.648	15.637	15.659	20.00808	V	m15_data/M15-2_20200728_111333_d228_Nickel_V_c.fit
59058.466412	0.04167	15.648	15.632	15.664	19.60491	V	m15_data/M15-2_20200728_111138_d227_Nickel_V_c.fit
59058.46537	0.01389	15.688	15.667	15.709	19.36178	V	m15_data/M15-2_20200728_111008_d226_Nickel_V_c.fit
59058.436493	0.125	15.801	15.785	15.817	20.28584	V	m15_data/M15-2_20200728_102833_d208_Nickel_V_c.fit
59058.435405	0.04167	15.789	15.773	15.805	19.89073	V	m15_data/M15-2_20200728_102659_d207_Nickel_V_c.fit
59058.434491	0.01389	15.854	15.833	15.875	19.60535	V	m15_data/M15-2_20200728_102540_d206_Nickel_V_c.fit
59058.398889	0.125	15.998	15.981	16.015	20.21766	V	m15_data/M15-2_20200728_093424_d192_Nickel_V_c.fit
59058.397801	0.04167	15.983	15.966	16.0	19.91775	V	m15_data/M15-2_20200728_093250_d191_Nickel_V_c.fit
59058.396979	0.01389	16.052	16.031	16.073	19.49179	V	m15_data/M15-2_20200728_093139_d190_Nickel_V_c.fit
59058.364988	0.125	16.104	16.087	16.121	20.65201	V	m15_data/M15-2_20200728_084535_d176_Nickel_V_c.fit
59058.3639	0.04167	16.108	16.089	16.127	20.40571	V	m15_data/M15-2_20200728_084401_d175_Nickel_V_c.fit
59058.36316	0.01389	16.099	16.078	16.12	19.72033	V	m15_data/M15-2_20200728_084257_d174_Nickel_V_c.fit
59058.345521	0.125	16.085	16.066	16.104	20.35574	V	m15_data/M15-2_20200728_081733_d164_Nickel_V_c.fit
59058.344433	0.04167	16.088	16.07	16.106	20.06879	V	m15_data/M15-2_20200728_081559_d163_Nickel_V_c.fit
59058.343773	0.01389	16.083	16.059	16.107	19.506	V	m15_data/M15-2_20200728_081502_d162_Nickel_V_c.fit
59058.326505	0.125	16.063	16.044	16.082	20.18192	V	m15_data/M15-2_20200728_075010_d152_Nickel_V_c.fit
59058.325417	0.04167	16.059	16.041	16.077	19.90074	V	m15_data/M15-2_20200728_074836_d151_Nickel_V_c.fit
59058.324792	0.01389	16.072	16.052	16.092	19.27998	V	m15_data/M15-2_20200728_074742_d150_Nickel_V_c.fit
59054.418553	0.125	15.645	15.635	15.655	20.03085	V	m15_data/M15-2_20200724_100243_d201_Nickel_V_c.fit
59054.417454	0.04167	15.657	15.644	15.67	19.57751	V	m15_data/M15-2_20200724_100108_d200_Nickel_V_c.fit
59054.41669	0.01389	15.623	15.605	15.641	18.9729	V	m15_data/M15-2_20200724_100002_d199_Nickel_V_c.fit
59054.335255	0.125	15.798	15.786	15.81	19.79953	V	m15_data/M15-2_20200724_080246_d169_Nickel_V_c.fit
59054.333738	0.04167	15.823	15.809	15.837	19.57638	V	m15_data/M15-2_20200724_080035_d168_Nickel_V_c.fit
59054.332407	0.01389	15.781	15.763	15.799	18.63566	V	m15_data/M15-2_20200724_075840_d167_Nickel_V_c.fit
59051.331458	0.125	15.934	15.916	15.952	20.26059	V	m15_data/M15-2_20200721_075718_d150_Nickel_V_c.fit
59051.330185	0.04167	15.939	15.92	15.958	19.92634	V	m15_data/M15-2_20200721_075528_d149_Nickel_V_c.fit
59051.32956	0.01389	15.957	15.933	15.981	19.4186	V	m15_data/M15-2_20200721_075434_d148_Nickel_V_c.fit
59043.354873	0.125	15.901	15.885	15.917	20.0415	V	m15_data/M15-2_20200713_083101_d185_Nickel_V_c.fit
59043.353414	0.04167	15.905	15.889	15.921	19.74556	V	m15_data/M15-2_20200713_082855_d184_Nickel_V_c.fit
59043.350625	0.01389	15.913	15.893	15.933	19.02787	V	m15_data/M15-2_20200713_082454_d183_Nickel_V_c.fit
59039.41022	0.125	15.694	15.68	15.708	19.97388	V	m15_data/M15-2_20200709_095043_d173_Nickel_V_c.fit
59039.409016	0.04167	15.692	15.676	15.708	19.47128	V	m15_data/M15-2_20200709_094859_d172_Nickel_V_c.fit
59039.408102	0.01389	15.692	15.672	15.712	18.83764	V	m15_data/M15-2_20200709_094740_d171_Nickel_V_c.fit
59039.405937	0.01389	15.694	15.675	15.713	18.80512	V	m15_data/M15-2_20200709_094433_d170_Nickel_V_c.fit
59030.454745	0.04167	16.012	15.997	16.027	20.17176	B	m15_data/M15-2_20200630_105450_d186_Nickel_B_c.fit
59030.452199	0.125	15.695	15.683	15.707	20.24684	V	m15_data/M15-2_20200630_105110_d185_Nickel_V_c.fit
59030.451111	0.04167	15.693	15.678	15.708	19.84689	V	m15_data/M15-2_20200630_104936_d184_Nickel_V_c.fit
59030.450428	0.01389	15.715	15.696	15.734	19.58844	V	m15_data/M15-2_20200630_104837_d183_Nickel_V_c.fit
59026.453715	0.125	15.537	15.528	15.546	20.04715	V	m15_data/M15-2_20200626_105321_d157_Nickel_V_c.fit
59026.451863	0.04167	15.531	15.521	15.541	19.77197	V	m15_data/M15-2_20200626_105041_d156_Nickel_V_c.fit
59026.450324	0.01389	15.566	15.552	15.58	19.16033	V	m15_data/M15-2_20200626_104828_d155_Nickel_V_c.fit
59022.394792	0.125	15.735	15.725	15.745	19.87436	V	m15_data/M15-2_20200622_092830_d136_Nickel_V_c.fit
59022.393264	0.04167	15.733	15.721	15.745	19.6933	V	m15_data/M15-2_20200622_092618_d135_Nickel_V_c.fit
59022.392569	0.01389	15.73	15.712	15.748	19.16292	V	m15_data/M15-2_20200622_092518_d134_Nickel_V_c.fit
59018.437037	0.125	15.81	15.8	15.82	19.75677	V	m15_data/M15-2_20200618_102920_d197_Nickel_V_c.fit
59018.434525	0.04167	15.804	15.788	15.82	19.62441	V	m15_data/M15-2_20200618_102543_d196_Nickel_V_c.fit
59018.433843	0.01389	15.828	15.811	15.845	18.94982	V	m15_data/M15-2_20200618_102444_d195_Nickel_V_c.fit
59010.43566	0.125	16.098	16.076	16.12	20.39186	V	m15_data/M15-2_20200610_102721_d178_Nickel_V_c.fit
59010.434502	0.04167	16.109	16.087	16.131	19.93935	V	m15_data/M15-2_20200610_102541_d177_Nickel_V_c.fit
59010.433715	0.01389	16.121	16.095	16.147	19.29576	V	m15_data/M15-2_20200610_102433_d176_Nickel_V_c.fit
58994.493009	0.04167	15.633	15.619	15.647	19.77246	R	m15_data/M15-2_20200525_114956_d187_Nickel_R_c.fit
58994.465451	0.125	15.813	15.796	15.83	20.56453	V	m15_data/M15-2_20200525_111015_d171_Nickel_V_c.fit
58994.464016	0.04167	15.799	15.783	15.815	20.03036	V	m15_data/M15-2_20200525_110811_d170_Nickel_V_c.fit
58994.462766	0.01389	15.79	15.771	15.809	19.37627	V	m15_data/M15-2_20200525_110623_d169_Nickel_V_c.fit
58994.460012	0.125	16.138	16.122	16.154	20.73753	B	m15_data/M15-2_20200525_110225_d168_Nickel_B_c.fit
58994.458843	0.04167	16.152	16.134	16.17	20.23454	B	m15_data/M15-2_20200525_110044_d167_Nickel_B_c.fit
58994.458148	0.01389	16.157	16.134	16.18	19.53122	B	m15_data/M15-2_20200525_105944_d166_Nickel_B_c.fit
58990.48978	0.125	15.928	15.917	15.939	19.6306	V	m15_data/M15-2_20200521_114517_d202_Nickel_V_c.fit
58990.488704	0.04167	15.911	15.897	15.925	19.31142	V	m15_data/M15-2_20200521_114344_d201_Nickel_V_c.fit
58990.488056	0.01389	15.952	15.932	15.972	18.95141	V	m15_data/M15-2_20200521_114248_d200_Nickel_V_c.fit
58974.502685	0.125	15.73	15.72	15.74	19.41544	V	m15_data/M15-2_20200505_120352_d192_Nickel_V_c.fit
58974.50103	0.04167	15.749	15.733	15.765	19.44944	V	m15_data/M15-2_20200505_120129_d191_Nickel_V_c.fit
58974.499838	0.01389	15.716	15.697	15.735	18.6838	V	m15_data/M15-2_20200505_115946_d190_Nickel_V_c.fit
58856.096331	0.125	15.893	15.881	15.905	18.78242	V	m15_data/M15-2_20200108_021843_d136_Nickel_V_c.fit
58856.095231	0.04167	15.876	15.858	15.894	18.11906	V	m15_data/M15-2_20200108_021708_d135_Nickel_V_c.fit
58856.09441	0.01389	15.892	15.864	15.92	17.63571	V	m15_data/M15-2_20200108_021557_d134_Nickel_V_c.fit
58856.092639	0.04167	16.297	16.268	16.326	18.22694	B	m15_data/M15-2_20200108_021324_d133_Nickel_B_c.fit
58856.090764	0.01389	16.304	16.265	16.343	17.89435	B	m15_data/M15-2_20200108_021042_d132_Nickel_B_c.fit
58805.183831	0.125	15.698	15.69	15.706	19.9228	V	m15_data/M15-2_20191118_042443_d163_Nickel_V_c.fit
58805.182662	0.04167	15.676	15.664	15.688	19.46632	V	m15_data/M15-2_20191118_042302_d162_Nickel_V_c.fit
58805.182049	0.01389	15.709	15.692	15.726	19.02511	V	m15_data/M15-2_20191118_042209_d161_Nickel_V_c.fit
58805.093241	0.125	15.867	15.849	15.885	20.21032	V	m15_data/M15-2_20191118_021416_d135_Nickel_V_c.fit
58805.092153	0.04167	15.887	15.867	15.907	19.96446	V	m15_data/M15-2_20191118_021242_d134_Nickel_V_c.fit
58805.091528	0.01389	15.883	15.86	15.906	19.23358	V	m15_data/M15-2_20191118_021148_d133_Nickel_V_c.fit
58794.13875	0.125	15.833	15.82	15.846	20.11226	V	m15_data/M15-2_20191107_031948_d138_Nickel_V_c.fit
58794.12544	0.04167	15.868	15.848	15.888	19.65442	V	m15_data/M15-2_20191107_030038_d136_Nickel_V_c.fit
58794.124583	0.01389	15.881	15.856	15.906	19.02841	V	m15_data/M15-2_20191107_025924_d135_Nickel_V_c.fit
58792.132975	0.125	15.703	15.686	15.72	20.0635	V	m15_data/M15-2_20191105_031129_d150_Nickel_V_c.fit
58792.131748	0.04167	15.723	15.703	15.743	19.85433	V	m15_data/M15-2_20191105_030943_d149_Nickel_V_c.fit
58792.129884	0.04167	15.731	15.712	15.75	19.78737	V	m15_data/M15-2_20191105_030702_d148_Nickel_V_c.fit
58789.280856	0.125	15.817	15.804	15.83	19.97344	V	m15_data/M15-2_20191102_064426_d170_Nickel_V_c.fit
58789.278634	0.04167	15.831	15.816	15.846	19.65798	V	m15_data/M15-2_20191102_064114_d169_Nickel_V_c.fit
58789.277685	0.01389	15.836	15.816	15.856	19.20004	V	m15_data/M15-2_20191102_063952_d168_Nickel_V_c.fit
58789.18287	0.125	16.03	16.013	16.047	20.18453	V	m15_data/M15-2_20191102_042320_d150_Nickel_V_c.fit
58789.181493	0.04167	16.045	16.027	16.063	19.94134	V	m15_data/M15-2_20191102_042121_d149_Nickel_V_c.fit
58789.180197	0.01389	16.039	16.016	16.062	19.44806	V	m15_data/M15-2_20191102_041929_d148_Nickel_V_c.fit
58788.162905	0.125	15.69	15.679	15.701	19.86492	V	m15_data/M15-2_20191101_035435_d157_Nickel_V_c.fit
58788.161829	0.04167	15.696	15.685	15.707	19.5424	V	m15_data/M15-2_20191101_035302_d156_Nickel_V_c.fit
58788.161181	0.01389	15.718	15.699	15.737	19.20044	V	m15_data/M15-2_20191101_035206_d155_Nickel_V_c.fit
58779.246875	0.125	15.631	15.62	15.642	19.97439	V	m15_data/M15-2_20191023_055530_d140_Nickel_V_c.fit
58779.245706	0.04167	15.633	15.621	15.645	19.44618	V	m15_data/M15-2_20191023_055349_d139_Nickel_V_c.fit
58779.245023	0.01389	15.638	15.62	15.656	19.09434	V	m15_data/M15-2_20191023_055250_d138_Nickel_V_c.fit
58775.258148	0.125	15.849	15.838	15.86	19.90991	V	m15_data/M15-2_20191019_061144_d145_Nickel_V_c.fit
58775.256389	0.04167	15.848	15.835	15.861	19.02931	V	m15_data/M15-2_20191019_060912_d144_Nickel_V_c.fit
58775.254988	0.01389	15.832	15.815	15.849	18.42352	V	m15_data/M15-2_20191019_060711_d143_Nickel_V_c.fit
58769.344884	0.125	15.783	15.769	15.797	19.36101	V	m15_data/M15-2_20191013_081638_d306_Nickel_V_c.fit
58769.343785	0.04167	15.783	15.763	15.803	18.87694	V	m15_data/M15-2_20191013_081503_d305_Nickel_V_c.fit
58769.342627	0.01389	15.825	15.803	15.847	18.34542	V	m15_data/M15-2_20191013_081323_d304_Nickel_V_c.fit
58768.306377	0.125	15.708	15.696	15.72	19.5174	V	m15_data/M15-2_20191012_072111_d181_Nickel_V_c.fit
58768.305231	0.04167	15.697	15.683	15.711	18.99852	V	m15_data/M15-2_20191012_071932_d180_Nickel_V_c.fit
58768.30434	0.01389	15.695	15.673	15.717	18.37921	V	m15_data/M15-2_20191012_071815_d179_Nickel_V_c.fit
58763.218843	0.125	16.044	16.02	16.068	18.36379	V	m15_data/M15-2_20191007_051508_d142_Nickel_V_c.fit
58763.216678	0.04167	16.054	16.034	16.074	19.59547	V	m15_data/M15-2_20191007_051201_d141_Nickel_V_c.fit
58763.216019	0.01389	16.045	16.022	16.068	19.0461	V	m15_data/M15-2_20191007_051104_d140_Nickel_V_c.fit
58759.212986	0.125	15.768	15.757	15.779	19.91545	V	m15_data/M15-2_20191003_050642_d142_Nickel_V_c.fit
58759.211678	0.04167	15.763	15.748	15.778	19.62994	V	m15_data/M15-2_20191003_050449_d141_Nickel_V_c.fit
58759.211042	0.01389	15.833	15.811	15.855	19.15216	V	m15_data/M15-2_20191003_050354_d140_Nickel_V_c.fit
58751.215417	0.125	15.746	15.73	15.762	20.2994	V	m15_data/M15-2_20190925_051012_d150_Nickel_V_c.fit
58751.214155	0.04167	15.745	15.728	15.762	20.04374	V	m15_data/M15-2_20190925_050823_d149_Nickel_V_c.fit
58751.213391	0.01389	15.761	15.742	15.78	19.45174	V	m15_data/M15-2_20190925_050717_d148_Nickel_V_c.fit
58746.378009	0.125	15.726	15.714	15.738	18.9501	V	m15_data/M15-2_20190920_090420_d133_Nickel_V_c.fit
58746.376273	0.04167	15.751	15.73	15.772	18.23456	V	m15_data/M15-2_20190920_090150_d132_Nickel_V_c.fit
58746.375671	0.01389	15.762	15.713	15.811	16.99215	V	m15_data/M15-2_20190920_090058_d131_Nickel_V_c.fit
58738.252338	0.125	15.725	15.714	15.736	19.428	V	m15_data/M15-2_20190912_060322_d162_Nickel_V_c.fit
58738.251181	0.04167	15.749	15.736	15.762	19.01532	V	m15_data/M15-2_20190912_060142_d161_Nickel_V_c.fit
58738.25015	0.01389	15.714	15.692	15.736	18.29475	V	m15_data/M15-2_20190912_060013_d160_Nickel_V_c.fit
58735.297986	0.125	15.746	15.737	15.755	19.42197	V	m15_data/M15-2_20190909_070906_d158_Nickel_V_c.fit
58735.29691	0.04167	15.749	15.736	15.762	19.20966	V	m15_data/M15-2_20190909_070733_d157_Nickel_V_c.fit
58735.295486	0.01389	15.753	15.734	15.772	18.62211	V	m15_data/M15-2_20190909_070530_d156_Nickel_V_c.fit
58731.364595	0.125	15.738	15.723	15.753	20.31139	V	m15_data/M15-2_20190905_084501_d190_Nickel_V_c.fit
58731.362905	0.04167	15.729	15.714	15.744	19.97083	V	m15_data/M15-2_20190905_084235_d189_Nickel_V_c.fit
58731.362257	0.01389	15.722	15.705	15.739	19.29703	V	m15_data/M15-2_20190905_084139_d188_Nickel_V_c.fit
58728.185729	0.08333	15.903	15.889	15.917	19.94074	V	m15_data/M15-2_20190902_042727_d158_Nickel_V_c.fit
58728.184664	0.04167	15.884	15.87	15.898	19.69549	V	m15_data/M15-2_20190902_042555_d157_Nickel_V_c.fit
58728.183935	0.01389	15.917	15.903	15.931	18.99659	V	m15_data/M15-2_20190902_042452_d156_Nickel_V_c.fit
58724.245995	0.125	15.894	15.883	15.905	19.77562	V	m15_data/M15-2_20190829_055414_d159_Nickel_V_c.fit
58724.244919	0.04167	15.879	15.866	15.892	19.51717	V	m15_data/M15-2_20190829_055241_d158_Nickel_V_c.fit
58724.244282	0.01389	15.927	15.907	15.947	19.12435	V	m15_data/M15-2_20190829_055146_d157_Nickel_V_c.fit
58721.30662	0.125	15.965	15.949	15.981	20.11829	V	m15_data/M15-2_20190826_072132_d152_Nickel_V_c.fit
58721.304954	0.04167	15.979	15.961	15.997	19.82715	V	m15_data/M15-2_20190826_071908_d151_Nickel_V_c.fit
58721.304248	0.01389	15.962	15.941	15.983	19.22794	V	m15_data/M15-2_20190826_071807_d150_Nickel_V_c.fit
58713.312604	0.125	15.733	15.721	15.745	19.71924	V	m15_data/M15-2_20190818_073009_d153_Nickel_V_c.fit
58713.311042	0.04167	15.737	15.724	15.75	19.33549	V	m15_data/M15-2_20190818_072754_d152_Nickel_V_c.fit
58713.310035	0.01389	15.743	15.727	15.759	18.706	V	m15_data/M15-2_20190818_072627_d151_Nickel_V_c.fit
58708.294803	0.125	15.917	15.905	15.929	19.37982	V	m15_data/M15-2_20190813_070431_d163_Nickel_V_c.fit
58708.293079	0.04167	15.89	15.874	15.906	19.07299	V	m15_data/M15-2_20190813_070202_d162_Nickel_V_c.fit
58708.291875	0.01389	15.987	15.963	16.011	18.55259	V	m15_data/M15-2_20190813_070018_d161_Nickel_V_c.fit
58697.33603	0.125	15.897	15.886	15.908	19.13922	V	m15_data/M15-2_20190802_080353_d162_Nickel_V_c.fit
58697.33478	0.04167	15.902	15.889	15.915	18.91892	V	m15_data/M15-2_20190802_080205_d161_Nickel_V_c.fit
58697.334016	0.01389	15.905	15.885	15.925	18.36659	V	m15_data/M15-2_20190802_080059_d160_Nickel_V_c.fit
58694.35397	0.04167	15.635	15.622	15.648	19.49787	V	m15_data/M15-2_20190730_082943_d140_Nickel_V_c.fit
58694.353333	0.01389	15.644	15.627	15.661	18.93063	V	m15_data/M15-2_20190730_082848_d139_Nickel_V_c.fit
58690.317986	0.125	15.657	15.645	15.669	20.03403	V	m15_data/M15-2_20190726_073754_d169_Nickel_V_c.fit
58690.316667	0.04167	15.645	15.63	15.66	19.75931	V	m15_data/M15-2_20190726_073600_d168_Nickel_V_c.fit
58690.315613	0.01389	15.657	15.64	15.674	19.26196	V	m15_data/M15-2_20190726_073429_d167_Nickel_V_c.fit
58683.318287	0.125	15.532	15.522	15.542	19.66839	V	m15_data/M15-2_20190719_073820_d146_Nickel_V_c.fit
58683.317072	0.04167	15.553	15.539	15.567	19.30335	V	m15_data/M15-2_20190719_073635_d145_Nickel_V_c.fit
58683.3164	0.01389	15.57	15.553	15.587	18.7162	V	m15_data/M15-2_20190719_073537_d144_Nickel_V_c.fit
58676.37478	0.125	15.786	15.773	15.799	20.13925	V	m15_data/M15-2_20190712_085941_d164_Nickel_V_c.fit
58676.373056	0.04167	15.831	15.815	15.847	19.8897	V	m15_data/M15-2_20190712_085712_d163_Nickel_V_c.fit
58676.372269	0.01389	15.835	15.812	15.858	19.33326	V	m15_data/M15-2_20190712_085604_d162_Nickel_V_c.fit
58672.475347	0.125	15.641	15.629	15.653	20.03003	V	m15_data/M15-2_20190708_112430_d213_Nickel_V_c.fit
58672.473981	0.04167	15.642	15.628	15.656	19.82664	V	m15_data/M15-2_20190708_112232_d212_Nickel_V_c.fit
58672.47316	0.01389	15.638	15.621	15.655	19.15374	V	m15_data/M15-2_20190708_112121_d211_Nickel_V_c.fit
58672.292373	0.125	15.979	15.969	15.989	18.83008	V	m15_data/M15-2_20190708_070101_d164_Nickel_V_c.fit
58672.291296	0.04167	15.959	15.945	15.973	18.49377	V	m15_data/M15-2_20190708_065928_d163_Nickel_V_c.fit
58672.290671	0.01389	15.993	15.97	16.016	18.0194	V	m15_data/M15-2_20190708_065834_d162_Nickel_V_c.fit
58664.402072	0.125	15.753	15.735	15.771	18.0254	V	m15_data/M15-2_20190630_093859_d191_Nickel_V_c.fit
58664.401007	0.04167	15.756	15.738	15.774	18.50397	V	m15_data/M15-2_20190630_093727_d190_Nickel_V_c.fit
58664.400324	0.01389	15.751	15.719	15.783	17.65917	V	m15_data/M15-2_20190630_093628_d189_Nickel_V_c.fit
58661.380278	0.01389	15.615	15.597	15.633	17.41605	V	m15_data/M15-2_20190627_090736_d145_Nickel_V_c.fit
58658.39	0.125	15.936	15.921	15.951	19.88605	V	m15_data/M15-2_20190624_092136_d133_Nickel_V_c.fit
58658.388137	0.04167	15.943	15.924	15.962	19.53327	V	m15_data/M15-2_20190624_091855_d132_Nickel_V_c.fit
58658.387512	0.01389	15.957	15.933	15.981	18.96773	V	m15_data/M15-2_20190624_091801_d131_Nickel_V_c.fit
58653.40309	0.125	15.671	15.657	15.685	19.95987	V	m15_data/M15-2_20190619_094027_d175_Nickel_V_c.fit
58653.401921	0.04167	15.683	15.668	15.698	19.71468	V	m15_data/M15-2_20190619_093846_d174_Nickel_V_c.fit
58653.399977	0.04167	15.643	15.63	15.656	19.44092	V	m15_data/M15-2_20190619_093558_d173_Nickel_V_c.fit
58653.399363	0.01389	15.687	15.667	15.707	19.16665	V	m15_data/M15-2_20190619_093505_d172_Nickel_V_c.fit
