;; MJD	etburst	mag	-emag	+emag	limmag	filter	imagename
59058.467743	0.125	15.974	15.955	15.993	19.96769	V	m15_data/M15-2_20200728_111333_d228_Nickel_V_c.fit
59058.466412	0.04167	15.93	15.907	15.953	19.60491	V	m15_data/M15-2_20200728_111138_d227_Nickel_V_c.fit
59058.46537	0.01389	15.97	15.952	15.988	19.36178	V	m15_data/M15-2_20200728_111008_d226_Nickel_V_c.fit
59058.436493	0.125	15.974	15.959	15.989	20.22717	V	m15_data/M15-2_20200728_102833_d208_Nickel_V_c.fit
59058.435405	0.04167	15.995	15.979	16.011	19.89073	V	m15_data/M15-2_20200728_102659_d207_Nickel_V_c.fit
59058.434491	0.01389	16.024	16.008	16.04	19.60535	V	m15_data/M15-2_20200728_102540_d206_Nickel_V_c.fit
59058.398889	0.125	16.003	15.99	16.016	20.18587	V	m15_data/M15-2_20200728_093424_d192_Nickel_V_c.fit
59058.397801	0.04167	15.998	15.984	16.012	19.86601	V	m15_data/M15-2_20200728_093250_d191_Nickel_V_c.fit
59058.396979	0.01389	16.02	16.001	16.039	19.49179	V	m15_data/M15-2_20200728_093139_d190_Nickel_V_c.fit
59058.364988	0.125	16.02	16.013	16.027	20.63962	V	m15_data/M15-2_20200728_084535_d176_Nickel_V_c.fit
59058.3639	0.04167	16.02	16.008	16.032	20.32189	V	m15_data/M15-2_20200728_084401_d175_Nickel_V_c.fit
59058.36316	0.01389	16.002	15.986	16.018	19.69573	V	m15_data/M15-2_20200728_084257_d174_Nickel_V_c.fit
59058.345521	0.125	15.998	15.987	16.009	20.29821	V	m15_data/M15-2_20200728_081733_d164_Nickel_V_c.fit
59058.344433	0.04167	15.987	15.977	15.997	20.01998	V	m15_data/M15-2_20200728_081559_d163_Nickel_V_c.fit
59058.343773	0.01389	15.992	15.976	16.008	19.506	V	m15_data/M15-2_20200728_081502_d162_Nickel_V_c.fit
59058.326505	0.125	15.985	15.972	15.998	20.12911	V	m15_data/M15-2_20200728_075010_d152_Nickel_V_c.fit
59058.325417	0.04167	16.001	15.985	16.017	19.87866	V	m15_data/M15-2_20200728_074836_d151_Nickel_V_c.fit
59058.324792	0.01389	16.002	15.983	16.021	19.27998	V	m15_data/M15-2_20200728_074742_d150_Nickel_V_c.fit
59054.418553	0.125	15.504	15.49	15.518	19.88201	V	m15_data/M15-2_20200724_100243_d201_Nickel_V_c.fit
59054.417454	0.04167	15.504	15.49	15.518	19.57751	V	m15_data/M15-2_20200724_100108_d200_Nickel_V_c.fit
59054.41669	0.01389	15.469	15.448	15.49	18.94632	V	m15_data/M15-2_20200724_100002_d199_Nickel_V_c.fit
59054.335255	0.125	15.583	15.567	15.599	19.79953	V	m15_data/M15-2_20200724_080246_d169_Nickel_V_c.fit
59054.333738	0.04167	15.595	15.577	15.613	19.57638	V	m15_data/M15-2_20200724_080035_d168_Nickel_V_c.fit
59054.332407	0.01389	15.553	15.531	15.575	18.61369	V	m15_data/M15-2_20200724_075840_d167_Nickel_V_c.fit
59051.331458	0.125	16.054	16.04	16.068	20.17117	V	m15_data/M15-2_20200721_075718_d150_Nickel_V_c.fit
59051.330185	0.04167	16.051	16.035	16.067	19.86079	V	m15_data/M15-2_20200721_075528_d149_Nickel_V_c.fit
59051.32956	0.01389	16.074	16.056	16.092	19.40425	V	m15_data/M15-2_20200721_075434_d148_Nickel_V_c.fit
59043.354873	0.125	15.985	15.967	16.003	20.01925	V	m15_data/M15-2_20200713_083101_d185_Nickel_V_c.fit
59043.353414	0.04167	15.995	15.982	16.008	19.73089	V	m15_data/M15-2_20200713_082855_d184_Nickel_V_c.fit
59043.350625	0.01389	15.979	15.954	16.004	19.02028	V	m15_data/M15-2_20200713_082454_d183_Nickel_V_c.fit
59039.41022	0.125	15.701	15.693	15.709	19.91906	V	m15_data/M15-2_20200709_095043_d173_Nickel_V_c.fit
59039.409016	0.04167	15.706	15.694	15.718	19.46989	V	m15_data/M15-2_20200709_094859_d172_Nickel_V_c.fit
59039.408102	0.01389	15.673	15.656	15.69	18.82579	V	m15_data/M15-2_20200709_094740_d171_Nickel_V_c.fit
59039.405937	0.01389	15.676	15.657	15.695	18.80512	V	m15_data/M15-2_20200709_094433_d170_Nickel_V_c.fit
59030.454745	0.04167	16.499	16.48	16.518	20.13397	B	m15_data/M15-2_20200630_105450_d186_Nickel_B_c.fit
59030.452199	0.125	16.004	15.991	16.017	20.23433	V	m15_data/M15-2_20200630_105110_d185_Nickel_V_c.fit
59030.451111	0.04167	15.954	15.933	15.975	19.80042	V	m15_data/M15-2_20200630_104936_d184_Nickel_V_c.fit
59030.450428	0.01389	16.004	15.988	16.02	19.57786	V	m15_data/M15-2_20200630_104837_d183_Nickel_V_c.fit
59026.453715	0.125	15.662	15.647	15.677	19.99365	V	m15_data/M15-2_20200626_105321_d157_Nickel_V_c.fit
59026.451863	0.04167	15.683	15.665	15.701	19.75916	V	m15_data/M15-2_20200626_105041_d156_Nickel_V_c.fit
59026.450324	0.01389	15.675	15.658	15.692	19.16033	V	m15_data/M15-2_20200626_104828_d155_Nickel_V_c.fit
59022.394792	0.125	15.905	15.887	15.923	19.87436	V	m15_data/M15-2_20200622_092830_d136_Nickel_V_c.fit
59022.393264	0.04167	15.91	15.888	15.932	19.68844	V	m15_data/M15-2_20200622_092618_d135_Nickel_V_c.fit
59022.392569	0.01389	15.911	15.886	15.936	19.16013	V	m15_data/M15-2_20200622_092518_d134_Nickel_V_c.fit
59018.437037	0.125	15.547	15.532	15.562	19.72726	V	m15_data/M15-2_20200618_102920_d197_Nickel_V_c.fit
59018.434525	0.04167	15.567	15.55	15.584	19.62441	V	m15_data/M15-2_20200618_102543_d196_Nickel_V_c.fit
59018.433843	0.01389	15.58	15.563	15.597	18.94982	V	m15_data/M15-2_20200618_102444_d195_Nickel_V_c.fit
59010.43566	0.125	16.086	16.073	16.099	20.25049	V	m15_data/M15-2_20200610_102721_d178_Nickel_V_c.fit
59010.434502	0.04167	16.085	16.07	16.1	19.92537	V	m15_data/M15-2_20200610_102541_d177_Nickel_V_c.fit
59010.433715	0.01389	16.093	16.071	16.115	19.28977	V	m15_data/M15-2_20200610_102433_d176_Nickel_V_c.fit
58994.493009	0.04167	15.676	15.668	15.684	19.73704	R	m15_data/M15-2_20200525_114956_d187_Nickel_R_c.fit
58994.465451	0.125	16.01	16.003	16.017	20.44787	V	m15_data/M15-2_20200525_111015_d171_Nickel_V_c.fit
58994.464016	0.04167	16.023	16.01	16.036	19.97328	V	m15_data/M15-2_20200525_110811_d170_Nickel_V_c.fit
58994.462766	0.01389	16.014	15.999	16.029	19.37627	V	m15_data/M15-2_20200525_110623_d169_Nickel_V_c.fit
58994.460012	0.125	16.515	16.498	16.532	20.62189	B	m15_data/M15-2_20200525_110225_d168_Nickel_B_c.fit
58994.458843	0.04167	16.528	16.51	16.546	20.2345	B	m15_data/M15-2_20200525_110044_d167_Nickel_B_c.fit
58994.458148	0.01389	16.527	16.503	16.551	19.53344	B	m15_data/M15-2_20200525_105944_d166_Nickel_B_c.fit
58990.48978	0.125	15.469	15.455	15.483	19.6306	V	m15_data/M15-2_20200521_114517_d202_Nickel_V_c.fit
58990.488704	0.04167	15.471	15.456	15.486	19.30825	V	m15_data/M15-2_20200521_114344_d201_Nickel_V_c.fit
58990.488056	0.01389	15.495	15.478	15.512	18.95141	V	m15_data/M15-2_20200521_114248_d200_Nickel_V_c.fit
58974.502685	0.125	15.951	15.93	15.972	19.41544	V	m15_data/M15-2_20200505_120352_d192_Nickel_V_c.fit
58974.50103	0.04167	16.048	16.031	16.065	19.44254	V	m15_data/M15-2_20200505_120129_d191_Nickel_V_c.fit
58974.499838	0.01389	16.028	16.003	16.053	18.66975	V	m15_data/M15-2_20200505_115946_d190_Nickel_V_c.fit
58856.096331	0.125	15.589	15.573	15.605	18.78242	V	m15_data/M15-2_20200108_021843_d136_Nickel_V_c.fit
58856.095231	0.04167	15.556	15.538	15.574	18.07287	V	m15_data/M15-2_20200108_021708_d135_Nickel_V_c.fit
58856.09441	0.01389	15.644	15.618	15.67	17.63571	V	m15_data/M15-2_20200108_021557_d134_Nickel_V_c.fit
58856.092639	0.04167	15.946	15.924	15.968	18.22527	B	m15_data/M15-2_20200108_021324_d133_Nickel_B_c.fit
58856.090764	0.01389	15.973	15.943	16.003	17.88875	B	m15_data/M15-2_20200108_021042_d132_Nickel_B_c.fit
58805.183831	0.125	15.513	15.5	15.526	19.83228	V	m15_data/M15-2_20191118_042443_d163_Nickel_V_c.fit
58805.182662	0.04167	15.506	15.491	15.521	19.45403	V	m15_data/M15-2_20191118_042302_d162_Nickel_V_c.fit
58805.182049	0.01389	15.533	15.516	15.55	19.0237	V	m15_data/M15-2_20191118_042209_d161_Nickel_V_c.fit
58805.093241	0.125	15.736	15.722	15.75	20.14323	V	m15_data/M15-2_20191118_021416_d135_Nickel_V_c.fit
58805.092153	0.04167	15.763	15.748	15.778	19.95529	V	m15_data/M15-2_20191118_021242_d134_Nickel_V_c.fit
58805.091528	0.01389	15.755	15.732	15.778	19.2161	V	m15_data/M15-2_20191118_021148_d133_Nickel_V_c.fit
58794.13875	0.125	15.978	15.967	15.989	19.97794	V	m15_data/M15-2_20191107_031948_d138_Nickel_V_c.fit
58794.12544	0.04167	15.971	15.951	15.991	19.65314	V	m15_data/M15-2_20191107_030038_d136_Nickel_V_c.fit
58794.124583	0.01389	15.972	15.952	15.992	19.02798	V	m15_data/M15-2_20191107_025924_d135_Nickel_V_c.fit
58792.132975	0.125	15.938	15.923	15.953	20.04921	V	m15_data/M15-2_20191105_031129_d150_Nickel_V_c.fit
58792.131748	0.04167	15.951	15.939	15.963	19.85055	V	m15_data/M15-2_20191105_030943_d149_Nickel_V_c.fit
58792.129884	0.04167	15.959	15.942	15.976	19.73021	V	m15_data/M15-2_20191105_030702_d148_Nickel_V_c.fit
58789.280856	0.125	15.774	15.76	15.788	19.92322	V	m15_data/M15-2_20191102_064426_d170_Nickel_V_c.fit
58789.278634	0.04167	15.79	15.778	15.802	19.65798	V	m15_data/M15-2_20191102_064114_d169_Nickel_V_c.fit
58789.277685	0.01389	15.803	15.789	15.817	19.20004	V	m15_data/M15-2_20191102_063952_d168_Nickel_V_c.fit
58789.18287	0.125	16.015	16.003	16.027	20.13673	V	m15_data/M15-2_20191102_042320_d150_Nickel_V_c.fit
58789.181493	0.04167	16.031	16.02	16.042	19.89147	V	m15_data/M15-2_20191102_042121_d149_Nickel_V_c.fit
58789.180197	0.01389	16.03	16.015	16.045	19.44806	V	m15_data/M15-2_20191102_041929_d148_Nickel_V_c.fit
58788.162905	0.125	15.812	15.795	15.829	19.86422	V	m15_data/M15-2_20191101_035435_d157_Nickel_V_c.fit
58788.161829	0.04167	15.815	15.797	15.833	19.5424	V	m15_data/M15-2_20191101_035302_d156_Nickel_V_c.fit
58788.161181	0.01389	15.84	15.821	15.859	19.18389	V	m15_data/M15-2_20191101_035206_d155_Nickel_V_c.fit
58779.246875	0.125	15.638	15.624	15.652	19.86063	V	m15_data/M15-2_20191023_055530_d140_Nickel_V_c.fit
58779.245706	0.04167	15.636	15.621	15.651	19.40889	V	m15_data/M15-2_20191023_055349_d139_Nickel_V_c.fit
58779.245023	0.01389	15.658	15.641	15.675	19.08216	V	m15_data/M15-2_20191023_055250_d138_Nickel_V_c.fit
58775.258148	0.125	15.861	15.844	15.878	19.88794	V	m15_data/M15-2_20191019_061144_d145_Nickel_V_c.fit
58775.256389	0.04167	15.774	15.755	15.793	19.02931	V	m15_data/M15-2_20191019_060912_d144_Nickel_V_c.fit
58775.254988	0.01389	15.755	15.731	15.779	18.42072	V	m15_data/M15-2_20191019_060711_d143_Nickel_V_c.fit
58769.344884	0.125	15.64	15.631	15.649	19.3472	V	m15_data/M15-2_20191013_081638_d306_Nickel_V_c.fit
58769.343785	0.04167	15.642	15.63	15.654	18.8738	V	m15_data/M15-2_20191013_081503_d305_Nickel_V_c.fit
58769.342627	0.01389	15.652	15.63	15.674	18.34542	V	m15_data/M15-2_20191013_081323_d304_Nickel_V_c.fit
58768.306377	0.125	15.978	15.963	15.993	19.51164	V	m15_data/M15-2_20191012_072111_d181_Nickel_V_c.fit
58768.305231	0.04167	15.989	15.973	16.005	18.99572	V	m15_data/M15-2_20191012_071932_d180_Nickel_V_c.fit
58768.30434	0.01389	15.915	15.89	15.94	18.38464	V	m15_data/M15-2_20191012_071815_d179_Nickel_V_c.fit
58763.218843	0.125	15.996	15.97	16.022	18.36114	V	m15_data/M15-2_20191007_051508_d142_Nickel_V_c.fit
58763.216678	0.04167	15.982	15.96	16.004	19.54168	V	m15_data/M15-2_20191007_051201_d141_Nickel_V_c.fit
58763.216019	0.01389	15.96	15.937	15.983	19.04595	V	m15_data/M15-2_20191007_051104_d140_Nickel_V_c.fit
58759.212986	0.125	15.441	15.426	15.456	19.84881	V	m15_data/M15-2_20191003_050642_d142_Nickel_V_c.fit
58759.211678	0.04167	15.426	15.411	15.441	19.62994	V	m15_data/M15-2_20191003_050449_d141_Nickel_V_c.fit
58759.211042	0.01389	15.456	15.44	15.472	19.15216	V	m15_data/M15-2_20191003_050354_d140_Nickel_V_c.fit
58751.215417	0.125	15.851	15.838	15.864	20.20233	V	m15_data/M15-2_20190925_051012_d150_Nickel_V_c.fit
58751.214155	0.04167	15.864	15.849	15.879	19.93765	V	m15_data/M15-2_20190925_050823_d149_Nickel_V_c.fit
58751.213391	0.01389	15.868	15.848	15.888	19.43267	V	m15_data/M15-2_20190925_050717_d148_Nickel_V_c.fit
58746.378009	0.125	15.582	15.564	15.6	18.9501	V	m15_data/M15-2_20190920_090420_d133_Nickel_V_c.fit
58746.376273	0.04167	15.603	15.58	15.626	18.23006	V	m15_data/M15-2_20190920_090150_d132_Nickel_V_c.fit
58746.375671	0.01389	15.497	15.455	15.539	16.9945	V	m15_data/M15-2_20190920_090058_d131_Nickel_V_c.fit
58738.252338	0.125	15.935	15.916	15.954	19.428	V	m15_data/M15-2_20190912_060322_d162_Nickel_V_c.fit
58738.251181	0.04167	15.96	15.939	15.981	19.01532	V	m15_data/M15-2_20190912_060142_d161_Nickel_V_c.fit
58738.25015	0.01389	15.948	15.92	15.976	18.26044	V	m15_data/M15-2_20190912_060013_d160_Nickel_V_c.fit
58735.297986	0.125	15.92	15.9	15.94	19.42197	V	m15_data/M15-2_20190909_070906_d158_Nickel_V_c.fit
58735.29691	0.04167	15.929	15.906	15.952	19.20966	V	m15_data/M15-2_20190909_070733_d157_Nickel_V_c.fit
58735.295486	0.01389	15.911	15.884	15.938	18.62211	V	m15_data/M15-2_20190909_070530_d156_Nickel_V_c.fit
58731.364595	0.125	15.801	15.793	15.809	20.26925	V	m15_data/M15-2_20190905_084501_d190_Nickel_V_c.fit
58731.362905	0.04167	15.787	15.775	15.799	19.92057	V	m15_data/M15-2_20190905_084235_d189_Nickel_V_c.fit
58731.362257	0.01389	15.787	15.77	15.804	19.26036	V	m15_data/M15-2_20190905_084139_d188_Nickel_V_c.fit
58731.188102	0.01389	15.568	15.553	15.583	19.24844	V	m15_data/M15-2_20190905_043052_d136_Nickel_V_c.fit
58731.186424	0.04167	15.578	15.568	15.588	19.88774	V	m15_data/M15-2_20190905_042827_d135_Nickel_V_c.fit
58731.174491	0.125	15.587	15.579	15.595	20.1545	V	m15_data/M15-2_20190905_041116_d131_Nickel_V_c.fit
58728.185729	0.08333	16.037	16.006	16.068	19.93881	V	m15_data/M15-2_20190902_042727_d158_Nickel_V_c.fit
58728.184664	0.04167	16.019	15.984	16.054	19.67459	V	m15_data/M15-2_20190902_042555_d157_Nickel_V_c.fit
58728.183935	0.01389	16.079	16.038	16.12	18.99659	V	m15_data/M15-2_20190902_042452_d156_Nickel_V_c.fit
58724.245995	0.125	15.803	15.785	15.821	19.77562	V	m15_data/M15-2_20190829_055414_d159_Nickel_V_c.fit
58724.244919	0.04167	15.798	15.779	15.817	19.51717	V	m15_data/M15-2_20190829_055241_d158_Nickel_V_c.fit
58724.244282	0.01389	15.855	15.833	15.877	19.12435	V	m15_data/M15-2_20190829_055146_d157_Nickel_V_c.fit
58721.30662	0.125	15.742	15.724	15.76	20.11829	V	m15_data/M15-2_20190826_072132_d152_Nickel_V_c.fit
58721.304954	0.04167	15.754	15.739	15.769	19.79916	V	m15_data/M15-2_20190826_071908_d151_Nickel_V_c.fit
58721.304248	0.01389	15.772	15.754	15.79	19.22402	V	m15_data/M15-2_20190826_071807_d150_Nickel_V_c.fit
58713.312604	0.125	15.589	15.574	15.604	19.71924	V	m15_data/M15-2_20190818_073009_d153_Nickel_V_c.fit
58713.311042	0.04167	15.596	15.581	15.611	19.33549	V	m15_data/M15-2_20190818_072754_d152_Nickel_V_c.fit
58713.310035	0.01389	15.555	15.534	15.576	18.69903	V	m15_data/M15-2_20190818_072627_d151_Nickel_V_c.fit
58708.294803	0.125	15.562	15.546	15.578	19.37982	V	m15_data/M15-2_20190813_070431_d163_Nickel_V_c.fit
58708.293079	0.04167	15.589	15.57	15.608	19.05756	V	m15_data/M15-2_20190813_070202_d162_Nickel_V_c.fit
58708.291875	0.01389	15.575	15.553	15.597	18.55259	V	m15_data/M15-2_20190813_070018_d161_Nickel_V_c.fit
58697.33603	0.125	15.769	15.751	15.787	19.13922	V	m15_data/M15-2_20190802_080353_d162_Nickel_V_c.fit
58697.33478	0.04167	15.796	15.776	15.816	18.91892	V	m15_data/M15-2_20190802_080205_d161_Nickel_V_c.fit
58697.334016	0.01389	15.803	15.776	15.83	18.34652	V	m15_data/M15-2_20190802_080059_d160_Nickel_V_c.fit
58694.35397	0.04167	15.952	15.928	15.976	19.49787	V	m15_data/M15-2_20190730_082943_d140_Nickel_V_c.fit
58694.353333	0.01389	15.963	15.938	15.988	18.93063	V	m15_data/M15-2_20190730_082848_d139_Nickel_V_c.fit
58690.317986	0.125	15.58	15.567	15.593	20.00122	V	m15_data/M15-2_20190726_073754_d169_Nickel_V_c.fit
58690.316667	0.04167	15.585	15.57	15.6	19.74736	V	m15_data/M15-2_20190726_073600_d168_Nickel_V_c.fit
58690.315613	0.01389	15.591	15.575	15.607	19.24817	V	m15_data/M15-2_20190726_073429_d167_Nickel_V_c.fit
58683.318287	0.125	15.836	15.82	15.852	19.66839	V	m15_data/M15-2_20190719_073820_d146_Nickel_V_c.fit
58683.317072	0.04167	15.85	15.832	15.868	19.27825	V	m15_data/M15-2_20190719_073635_d145_Nickel_V_c.fit
58683.3164	0.01389	15.846	15.824	15.868	18.70613	V	m15_data/M15-2_20190719_073537_d144_Nickel_V_c.fit
58676.37478	0.125	15.979	15.965	15.993	20.08491	V	m15_data/M15-2_20190712_085941_d164_Nickel_V_c.fit
58676.373056	0.04167	15.983	15.969	15.997	19.84363	V	m15_data/M15-2_20190712_085712_d163_Nickel_V_c.fit
58676.372269	0.01389	16.003	15.985	16.021	19.33326	V	m15_data/M15-2_20190712_085604_d162_Nickel_V_c.fit
58672.475347	0.125	15.774	15.757	15.791	20.00311	V	m15_data/M15-2_20190708_112430_d213_Nickel_V_c.fit
58672.473981	0.04167	15.786	15.771	15.801	19.80592	V	m15_data/M15-2_20190708_112232_d212_Nickel_V_c.fit
58672.47316	0.01389	15.773	15.755	15.791	19.15374	V	m15_data/M15-2_20190708_112121_d211_Nickel_V_c.fit
58672.292373	0.125	15.423	15.413	15.433	18.83008	V	m15_data/M15-2_20190708_070101_d164_Nickel_V_c.fit
58672.291296	0.04167	15.404	15.391	15.417	18.44557	V	m15_data/M15-2_20190708_065928_d163_Nickel_V_c.fit
58672.290671	0.01389	15.425	15.405	15.445	17.99478	V	m15_data/M15-2_20190708_065834_d162_Nickel_V_c.fit
58664.402072	0.125	15.453	15.432	15.474	18.0254	V	m15_data/M15-2_20190630_093859_d191_Nickel_V_c.fit
58664.401007	0.04167	15.459	15.439	15.479	18.50397	V	m15_data/M15-2_20190630_093727_d190_Nickel_V_c.fit
58664.400324	0.01389	15.439	15.412	15.466	17.64806	V	m15_data/M15-2_20190630_093628_d189_Nickel_V_c.fit
58661.380278	0.01389	15.814	15.79	15.838	17.31899	V	m15_data/M15-2_20190627_090736_d145_Nickel_V_c.fit
58658.39	0.125	15.959	15.937	15.981	19.86904	V	m15_data/M15-2_20190624_092136_d133_Nickel_V_c.fit
58658.388137	0.04167	15.964	15.941	15.987	19.50862	V	m15_data/M15-2_20190624_091855_d132_Nickel_V_c.fit
58658.387512	0.01389	16.008	15.989	16.027	18.95824	V	m15_data/M15-2_20190624_091801_d131_Nickel_V_c.fit
58653.40309	0.125	15.958	15.941	15.975	19.83399	V	m15_data/M15-2_20190619_094027_d175_Nickel_V_c.fit
58653.401921	0.04167	16.011	16.0	16.022	19.7101	V	m15_data/M15-2_20190619_093846_d174_Nickel_V_c.fit
58653.399977	0.04167	16.001	15.981	16.021	19.43999	V	m15_data/M15-2_20190619_093558_d173_Nickel_V_c.fit
58653.399363	0.01389	15.987	15.966	16.008	19.15597	V	m15_data/M15-2_20190619_093505_d172_Nickel_V_c.fit
