;; MJD	etburst	mag	-emag	+emag	limmag	filter	imagename
59039.41963	0.125	13.874	13.839	13.909	20.24851	V	m15_data/M15-4_20200709_100416_d179_Nickel_V_c.fit
59039.41853	0.04167	13.9	13.866	13.934	19.6235	V	m15_data/M15-4_20200709_100241_d178_Nickel_V_c.fit
59039.417789	0.01389	13.897	13.868	13.926	19.0253	V	m15_data/M15-4_20200709_100137_d177_Nickel_V_c.fit
59026.471366	0.125	13.28	13.257	13.303	20.60468	V	m15_data/M15-4_20200626_111846_d163_Nickel_V_c.fit
59026.469861	0.04167	13.274	13.252	13.296	19.94214	V	m15_data/M15-4_20200626_111636_d162_Nickel_V_c.fit
59026.468808	0.01389	13.262	13.239	13.285	19.21803	V	m15_data/M15-4_20200626_111505_d161_Nickel_V_c.fit
59022.407407	0.125	13.873	13.842	13.904	20.40755	V	m15_data/M15-4_20200622_094640_d142_Nickel_V_c.fit
59022.406146	0.04167	13.84	13.806	13.874	19.99621	V	m15_data/M15-4_20200622_094451_d141_Nickel_V_c.fit
59022.405336	0.01389	13.859	13.823	13.895	19.20744	V	m15_data/M15-4_20200622_094341_d140_Nickel_V_c.fit
59018.45022	0.125	13.396	13.373	13.419	20.33533	V	m15_data/M15-4_20200618_104819_d203_Nickel_V_c.fit
59018.448889	0.04167	13.458	13.434	13.482	19.79375	V	m15_data/M15-4_20200618_104624_d202_Nickel_V_c.fit
59018.447303	0.01389	13.431	13.408	13.454	18.87493	V	m15_data/M15-4_20200618_104407_d201_Nickel_V_c.fit
58994.489965	0.04167	12.582	12.562	12.602	20.15245	R	m15_data/M15-4_20200525_114533_d185_Nickel_R_c.fit
58994.487488	0.125	12.977	12.954	13.0	20.63595	V	m15_data/M15-4_20200525_114159_d184_Nickel_V_c.fit
58994.4864	0.04167	12.958	12.94	12.976	20.36332	V	m15_data/M15-4_20200525_114025_d183_Nickel_V_c.fit
58994.485775	0.01389	12.952	12.932	12.972	19.33758	V	m15_data/M15-4_20200525_113931_d182_Nickel_V_c.fit
58994.483206	0.125	13.494	13.477	13.511	20.94767	B	m15_data/M15-4_20200525_113549_d181_Nickel_B_c.fit
58994.482118	0.04167	13.505	13.488	13.522	20.26892	B	m15_data/M15-4_20200525_113415_d180_Nickel_B_c.fit
58994.481435	0.01389	13.504	13.479	13.529	19.24496	B	m15_data/M15-4_20200525_113316_d179_Nickel_B_c.fit
58990.498657	0.125	13.722	13.691	13.753	19.5466	V	m15_data/M15-4_20200521_115804_d208_Nickel_V_c.fit
58990.497593	0.04167	13.725	13.694	13.756	19.22893	V	m15_data/M15-4_20200521_115632_d207_Nickel_V_c.fit
58990.496968	0.01389	13.714	13.685	13.743	18.64812	V	m15_data/M15-4_20200521_115538_d206_Nickel_V_c.fit
58805.193322	0.125	13.719	13.694	13.744	20.07445	V	m15_data/M15-4_20191118_043823_d169_Nickel_V_c.fit
58805.192118	0.04167	13.743	13.716	13.77	19.53151	V	m15_data/M15-4_20191118_043639_d168_Nickel_V_c.fit
58805.191412	0.01389	13.723	13.698	13.748	18.85622	V	m15_data/M15-4_20191118_043538_d167_Nickel_V_c.fit
58805.103056	0.125	13.721	13.683	13.759	20.72919	V	m15_data/M15-4_20191118_022824_d141_Nickel_V_c.fit
58805.101377	0.04167	13.704	13.669	13.739	20.23526	V	m15_data/M15-4_20191118_022559_d140_Nickel_V_c.fit
58805.100694	0.01389	13.73	13.688	13.772	19.38263	V	m15_data/M15-4_20191118_022500_d139_Nickel_V_c.fit
58794.150116	0.125	12.943	12.923	12.963	20.37924	V	m15_data/M15-4_20191107_033610_d144_Nickel_V_c.fit
58794.148958	0.04167	12.945	12.928	12.962	19.96997	V	m15_data/M15-4_20191107_033430_d143_Nickel_V_c.fit
58794.147303	0.01389	12.918	12.9	12.936	19.44004	V	m15_data/M15-4_20191107_033207_d142_Nickel_V_c.fit
58792.166412	0.125	12.524	12.433	12.615	20.12269	I	m15_data/M15-4_20191105_035938_d160_Nickel_I_c.fit
58792.144514	0.125	13.148	13.12	13.176	20.88499	V	m15_data/M15-4_20191105_032806_d155_Nickel_V_c.fit
58792.143345	0.04167	13.113	13.095	13.131	20.16993	V	m15_data/M15-4_20191105_032625_d154_Nickel_V_c.fit
58789.29081	0.125	13.627	13.595	13.659	20.18399	V	m15_data/M15-4_20191102_065846_d176_Nickel_V_c.fit
58789.289676	0.04167	13.631	13.602	13.66	19.63601	V	m15_data/M15-4_20191102_065708_d175_Nickel_V_c.fit
58789.289016	0.01389	13.679	13.648	13.71	18.96985	V	m15_data/M15-4_20191102_065611_d174_Nickel_V_c.fit
58789.194468	0.125	13.663	13.632	13.694	20.68856	V	m15_data/M15-4_20191102_044002_d156_Nickel_V_c.fit
58789.193229	0.04167	13.671	13.642	13.7	20.12887	V	m15_data/M15-4_20191102_043815_d155_Nickel_V_c.fit
58789.192106	0.01389	13.71	13.686	13.734	19.66128	V	m15_data/M15-4_20191102_043638_d154_Nickel_V_c.fit
58788.17235	0.125	13.772	13.741	13.803	20.30906	V	m15_data/M15-4_20191101_040811_d163_Nickel_V_c.fit
58788.171273	0.04167	13.728	13.699	13.757	19.82119	V	m15_data/M15-4_20191101_040638_d162_Nickel_V_c.fit
58788.170637	0.01389	13.704	13.676	13.732	19.18719	V	m15_data/M15-4_20191101_040543_d161_Nickel_V_c.fit
58779.257627	0.08333	12.853	12.837	12.869	20.13856	V	m15_data/M15-4_20191023_061059_d146_Nickel_V_c.fit
58779.256262	0.04167	12.873	12.854	12.892	19.7319	V	m15_data/M15-4_20191023_060901_d145_Nickel_V_c.fit
58779.255521	0.01389	12.844	12.828	12.86	18.91416	V	m15_data/M15-4_20191023_060757_d144_Nickel_V_c.fit
58775.277141	0.125	13.068	13.049	13.087	20.3742	V	m15_data/M15-4_20191019_063905_d151_Nickel_V_c.fit
58775.275637	0.04167	13.036	13.018	13.054	19.7763	V	m15_data/M15-4_20191019_063655_d150_Nickel_V_c.fit
58775.274583	0.01389	13.065	13.049	13.081	18.91127	V	m15_data/M15-4_20191019_063524_d149_Nickel_V_c.fit
58763.236493	0.125	12.847	12.814	12.88	16.21104	V	m15_data/M15-4_20191007_054033_d148_Nickel_V_c.fit
58759.22794	0.125	12.973	12.952	12.994	20.47623	V	m15_data/M15-4_20191003_052814_d148_Nickel_V_c.fit
58759.226505	0.04167	12.971	12.95	12.992	20.14061	V	m15_data/M15-4_20191003_052610_d147_Nickel_V_c.fit
58759.224919	0.01389	12.974	12.953	12.995	19.33376	V	m15_data/M15-4_20191003_052353_d146_Nickel_V_c.fit
58751.227743	0.125	13.854	13.815	13.893	21.04291	V	m15_data/M15-4_20190925_052757_d156_Nickel_V_c.fit
58751.226586	0.04167	13.834	13.794	13.874	20.31807	V	m15_data/M15-4_20190925_052617_d155_Nickel_V_c.fit
58751.225683	0.01389	13.845	13.812	13.878	19.65828	V	m15_data/M15-4_20190925_052459_d154_Nickel_V_c.fit
58738.264363	0.125	13.709	13.679	13.739	19.90391	V	m15_data/M15-4_20190912_062041_d168_Nickel_V_c.fit
58738.263264	0.04167	13.697	13.666	13.728	19.23223	V	m15_data/M15-4_20190912_061906_d167_Nickel_V_c.fit
58738.26265	0.01389	13.705	13.673	13.737	18.7072	V	m15_data/M15-4_20190912_061813_d166_Nickel_V_c.fit
58735.312396	0.125	14.009	13.975	14.043	19.86293	V	m15_data/M15-4_20190909_072951_d164_Nickel_V_c.fit
58735.311227	0.04167	13.92	13.884	13.956	19.42057	V	m15_data/M15-4_20190909_072810_d163_Nickel_V_c.fit
58735.309977	0.01389	14.621	14.553	14.689	18.23516	V	m15_data/M15-4_20190909_072622_d162_Nickel_V_c.fit
58731.376412	0.125	13.152	13.129	13.175	20.77952	V	m15_data/M15-4_20190905_090202_d196_Nickel_V_c.fit
58731.375301	0.04167	13.157	13.138	13.176	20.25405	V	m15_data/M15-4_20190905_090026_d195_Nickel_V_c.fit
58731.374572	0.01389	13.132	13.113	13.151	19.49208	V	m15_data/M15-4_20190905_085923_d194_Nickel_V_c.fit
58708.306586	0.125	13.104	13.086	13.122	19.74789	V	m15_data/M15-4_20190813_072129_d169_Nickel_V_c.fit
58708.305127	0.04167	13.103	13.083	13.123	19.27453	V	m15_data/M15-4_20190813_071923_d168_Nickel_V_c.fit
58708.304236	0.01389	13.2	13.18	13.22	18.53474	V	m15_data/M15-4_20190813_071806_d167_Nickel_V_c.fit
58697.349352	0.125	13.559	13.538	13.58	19.71682	V	m15_data/M15-4_20190802_082304_d168_Nickel_V_c.fit
58697.346528	0.04167	13.417	13.402	13.432	19.14187	V	m15_data/M15-4_20190802_081900_d167_Nickel_V_c.fit
58697.345764	0.01389	13.509	13.481	13.537	18.42646	V	m15_data/M15-4_20190802_081754_d166_Nickel_V_c.fit
58694.371076	0.125	12.965	12.948	12.982	20.42682	V	m15_data/M15-4_20190730_085421_d148_Nickel_V_c.fit
58694.369954	0.04167	12.964	12.946	12.982	19.79922	V	m15_data/M15-4_20190730_085244_d147_Nickel_V_c.fit
58694.369213	0.01389	12.952	12.936	12.968	19.05352	V	m15_data/M15-4_20190730_085140_d146_Nickel_V_c.fit
58690.329896	0.125	13.229	13.205	13.253	20.60552	V	m15_data/M15-4_20190726_075503_d175_Nickel_V_c.fit
58690.328738	0.04167	13.216	13.193	13.239	20.07861	V	m15_data/M15-4_20190726_075323_d174_Nickel_V_c.fit
58690.328044	0.01389	13.199	13.175	13.223	19.26909	V	m15_data/M15-4_20190726_075223_d173_Nickel_V_c.fit
58683.328646	0.125	13.703	13.668	13.738	20.06298	V	m15_data/M15-4_20190719_075315_d152_Nickel_V_c.fit
58683.327512	0.04167	13.701	13.67	13.732	19.43516	V	m15_data/M15-4_20190719_075137_d151_Nickel_V_c.fit
58683.326725	0.01389	13.713	13.676	13.75	18.80307	V	m15_data/M15-4_20190719_075029_d150_Nickel_V_c.fit
58676.385498	0.125	12.944	12.922	12.966	20.74891	V	m15_data/M15-4_20190712_091507_d170_Nickel_V_c.fit
58676.383681	0.04167	12.927	12.906	12.948	20.31495	V	m15_data/M15-4_20190712_091230_d169_Nickel_V_c.fit
58676.38287	0.01389	12.945	12.925	12.965	19.54134	V	m15_data/M15-4_20190712_091120_d168_Nickel_V_c.fit
58672.486215	0.125	13.465	13.441	13.489	20.45711	V	m15_data/M15-4_20190708_114009_d219_Nickel_V_c.fit
58672.484792	0.04167	13.476	13.452	13.5	19.85616	V	m15_data/M15-4_20190708_113806_d218_Nickel_V_c.fit
58672.48397	0.01389	13.524	13.498	13.55	19.17647	V	m15_data/M15-4_20190708_113655_d217_Nickel_V_c.fit
58672.303356	0.125	14.139	14.105	14.173	19.50401	V	m15_data/M15-4_20190708_071650_d170_Nickel_V_c.fit
58672.301991	0.04167	14.23	14.194	14.266	18.8214	V	m15_data/M15-4_20190708_071452_d169_Nickel_V_c.fit
58672.301123	0.01389	13.956	13.929	13.983	18.11925	V	m15_data/M15-4_20190708_071337_d168_Nickel_V_c.fit
58664.413507	0.125	13.438	13.416	13.46	19.4323	V	m15_data/M15-4_20190630_095527_d197_Nickel_V_c.fit
58664.412431	0.04167	13.414	13.392	13.436	19.13956	V	m15_data/M15-4_20190630_095354_d196_Nickel_V_c.fit
58664.411806	0.01389	13.261	13.229	13.293	16.41372	V	m15_data/M15-4_20190630_095300_d195_Nickel_V_c.fit
58658.400116	0.125	13.002	12.98	13.024	20.47187	V	m15_data/M15-4_20190624_093610_d139_Nickel_V_c.fit
58658.398588	0.04167	13.015	12.993	13.037	19.91786	V	m15_data/M15-4_20190624_093358_d138_Nickel_V_c.fit
58653.413032	0.125	13.769	13.732	13.806	20.45419	V	m15_data/M15-4_20190619_095446_d181_Nickel_V_c.fit
58653.411863	0.04167	13.768	13.736	13.8	19.98959	V	m15_data/M15-4_20190619_095305_d180_Nickel_V_c.fit
58653.411088	0.01389	13.734	13.694	13.774	19.21673	V	m15_data/M15-4_20190619_095158_d179_Nickel_V_c.fit
