;; MJD	etburst	mag	-emag	+emag	limmag	filter	imagename
59039.41963	0.125	18.41	18.381	18.439	20.25371	V	m15_data/M15-4_20200709_100416_d179_Nickel_V_c.fit
59039.41853	0.04167	18.445	18.394	18.496	19.67061	V	m15_data/M15-4_20200709_100241_d178_Nickel_V_c.fit
59039.417789	0.01389	18.365	18.277	18.453	19.04109	V	m15_data/M15-4_20200709_100137_d177_Nickel_V_c.fit
59030.467917	0.04167	18.632	18.593	18.671	20.35854	B	m15_data/M15-4_20200630_111348_d194_Nickel_B_c.fit
59030.465266	0.125	18.368	18.355	18.381	21.01523	V	m15_data/M15-4_20200630_110959_d193_Nickel_V_c.fit
59030.463958	0.04167	18.366	18.332	18.4	20.25547	V	m15_data/M15-4_20200630_110806_d192_Nickel_V_c.fit
59030.463079	0.01389	18.355	18.282	18.428	19.33796	V	m15_data/M15-4_20200630_110650_d191_Nickel_V_c.fit
59026.471366	0.125	18.428	18.409	18.447	20.66706	V	m15_data/M15-4_20200626_111846_d163_Nickel_V_c.fit
59026.469861	0.04167	18.423	18.378	18.468	19.98252	V	m15_data/M15-4_20200626_111636_d162_Nickel_V_c.fit
59026.468808	0.01389	18.519	18.434	18.604	19.24618	V	m15_data/M15-4_20200626_111505_d161_Nickel_V_c.fit
59022.407407	0.125	18.407	18.385	18.429	20.49159	V	m15_data/M15-4_20200622_094640_d142_Nickel_V_c.fit
59022.406146	0.04167	18.46	18.427	18.493	20.01382	V	m15_data/M15-4_20200622_094451_d141_Nickel_V_c.fit
59022.405336	0.01389	18.432	18.353	18.511	19.22186	V	m15_data/M15-4_20200622_094341_d140_Nickel_V_c.fit
59018.45022	0.125	18.329	18.304	18.354	20.3416	V	m15_data/M15-4_20200618_104819_d203_Nickel_V_c.fit
59018.448889	0.04167	18.428	18.384	18.472	19.80108	V	m15_data/M15-4_20200618_104624_d202_Nickel_V_c.fit
59018.447303	0.01389	18.345	18.254	18.436	18.89138	V	m15_data/M15-4_20200618_104407_d201_Nickel_V_c.fit
59010.449734	0.125	18.378	18.359	18.397	20.7591	V	m15_data/M15-4_20200610_104737_d184_Nickel_V_c.fit
59010.448588	0.04167	18.32	18.291	18.349	20.11483	V	m15_data/M15-4_20200610_104558_d183_Nickel_V_c.fit
59010.447882	0.01389	18.464	18.393	18.535	19.25012	V	m15_data/M15-4_20200610_104457_d182_Nickel_V_c.fit
58994.489965	0.04167	18.244	18.212	18.276	20.15863	R	m15_data/M15-4_20200525_114533_d185_Nickel_R_c.fit
58994.487488	0.125	18.359	18.341	18.377	20.72103	V	m15_data/M15-4_20200525_114159_d184_Nickel_V_c.fit
58994.4864	0.04167	18.356	18.32	18.392	20.36523	V	m15_data/M15-4_20200525_114025_d183_Nickel_V_c.fit
58994.485775	0.01389	18.377	18.31	18.444	19.34998	V	m15_data/M15-4_20200525_113931_d182_Nickel_V_c.fit
58994.483206	0.125	18.521	18.497	18.545	21.00384	B	m15_data/M15-4_20200525_113549_d181_Nickel_B_c.fit
58994.482118	0.04167	18.59	18.542	18.638	20.28629	B	m15_data/M15-4_20200525_113415_d180_Nickel_B_c.fit
58994.481435	0.01389	18.647	18.557	18.737	19.22486	B	m15_data/M15-4_20200525_113316_d179_Nickel_B_c.fit
58990.498657	0.125	18.422	18.363	18.481	19.55881	V	m15_data/M15-4_20200521_115804_d208_Nickel_V_c.fit
58990.497593	0.04167	18.443	18.369	18.517	19.23343	V	m15_data/M15-4_20200521_115632_d207_Nickel_V_c.fit
58990.496968	0.01389	18.537	18.381	18.693	18.64812	V	m15_data/M15-4_20200521_115538_d206_Nickel_V_c.fit
58805.193322	0.125	18.329	18.302	18.356	20.09908	V	m15_data/M15-4_20191118_043823_d169_Nickel_V_c.fit
58805.192118	0.04167	18.381	18.323	18.439	19.54903	V	m15_data/M15-4_20191118_043639_d168_Nickel_V_c.fit
58805.191412	0.01389	18.314	18.215	18.413	18.86239	V	m15_data/M15-4_20191118_043538_d167_Nickel_V_c.fit
58805.103056	0.125	18.377	18.362	18.392	20.77343	V	m15_data/M15-4_20191118_022824_d141_Nickel_V_c.fit
58805.101377	0.04167	18.414	18.387	18.441	20.2798	V	m15_data/M15-4_20191118_022559_d140_Nickel_V_c.fit
58805.100694	0.01389	18.372	18.306	18.438	19.39585	V	m15_data/M15-4_20191118_022500_d139_Nickel_V_c.fit
58794.150116	0.125	18.398	18.37	18.426	20.44065	V	m15_data/M15-4_20191107_033610_d144_Nickel_V_c.fit
58794.148958	0.04167	18.374	18.331	18.417	19.98148	V	m15_data/M15-4_20191107_033430_d143_Nickel_V_c.fit
58794.147303	0.01389	18.227	18.167	18.287	19.44913	V	m15_data/M15-4_20191107_033207_d142_Nickel_V_c.fit
58792.166412	0.125	18.102	18.078	18.126	20.17816	I	m15_data/M15-4_20191105_035938_d160_Nickel_I_c.fit
58792.144514	0.125	18.333	18.313	18.353	20.93594	V	m15_data/M15-4_20191105_032806_d155_Nickel_V_c.fit
58792.143345	0.04167	18.296	18.266	18.326	20.18129	V	m15_data/M15-4_20191105_032625_d154_Nickel_V_c.fit
58789.29081	0.125	18.448	18.418	18.478	20.23588	V	m15_data/M15-4_20191102_065846_d176_Nickel_V_c.fit
58789.289676	0.04167	18.451	18.399	18.503	19.65439	V	m15_data/M15-4_20191102_065708_d175_Nickel_V_c.fit
58789.289016	0.01389	18.457	18.357	18.557	18.97706	V	m15_data/M15-4_20191102_065611_d174_Nickel_V_c.fit
58789.194468	0.125	18.415	18.394	18.436	20.73681	V	m15_data/M15-4_20191102_044002_d156_Nickel_V_c.fit
58789.193229	0.04167	18.396	18.364	18.428	20.16045	V	m15_data/M15-4_20191102_043815_d155_Nickel_V_c.fit
58789.192106	0.01389	18.528	18.466	18.59	19.68689	V	m15_data/M15-4_20191102_043638_d154_Nickel_V_c.fit
58788.17235	0.125	18.413	18.39	18.436	20.42308	V	m15_data/M15-4_20191101_040811_d163_Nickel_V_c.fit
58788.171273	0.04167	18.403	18.366	18.44	19.86208	V	m15_data/M15-4_20191101_040638_d162_Nickel_V_c.fit
58788.170637	0.01389	18.351	18.28	18.422	19.19534	V	m15_data/M15-4_20191101_040543_d161_Nickel_V_c.fit
58779.257627	0.08333	18.434	18.405	18.463	20.16341	V	m15_data/M15-4_20191023_061059_d146_Nickel_V_c.fit
58779.256262	0.04167	18.368	18.327	18.409	19.7435	V	m15_data/M15-4_20191023_060901_d145_Nickel_V_c.fit
58779.255521	0.01389	18.407	18.308	18.506	18.92901	V	m15_data/M15-4_20191023_060757_d144_Nickel_V_c.fit
58775.277141	0.125	18.495	18.468	18.522	20.39715	V	m15_data/M15-4_20191019_063905_d151_Nickel_V_c.fit
58775.275637	0.04167	18.538	18.488	18.588	19.8019	V	m15_data/M15-4_20191019_063655_d150_Nickel_V_c.fit
58775.274583	0.01389	18.518	18.421	18.615	18.9119	V	m15_data/M15-4_20191019_063524_d149_Nickel_V_c.fit
58769.355752	0.125	18.321	18.265	18.377	19.39976	V	m15_data/M15-4_20191013_083217_d312_Nickel_V_c.fit
58769.354491	0.04167	18.329	18.232	18.426	18.82095	V	m15_data/M15-4_20191013_083028_d311_Nickel_V_c.fit
58769.353704	0.01389	18.444	18.3	18.588	18.29572	V	m15_data/M15-4_20191013_082920_d310_Nickel_V_c.fit
58768.317685	0.125	18.45	18.39	18.51	19.50738	V	m15_data/M15-4_20191012_073728_d187_Nickel_V_c.fit
58768.31647	0.04167	18.595	18.494	18.696	19.03677	V	m15_data/M15-4_20191012_073543_d186_Nickel_V_c.fit
58768.315498	0.01389	18.421	18.239	18.603	18.31896	V	m15_data/M15-4_20191012_073419_d185_Nickel_V_c.fit
58759.22794	0.125	18.424	18.404	18.444	20.53915	V	m15_data/M15-4_20191003_052814_d148_Nickel_V_c.fit
58759.226505	0.04167	18.441	18.407	18.475	20.14217	V	m15_data/M15-4_20191003_052610_d147_Nickel_V_c.fit
58759.224919	0.01389	18.382	18.314	18.45	19.34911	V	m15_data/M15-4_20191003_052353_d146_Nickel_V_c.fit
58751.227743	0.125	18.457	18.441	18.473	21.13264	V	m15_data/M15-4_20190925_052757_d156_Nickel_V_c.fit
58751.226586	0.04167	18.461	18.428	18.494	20.34278	V	m15_data/M15-4_20190925_052617_d155_Nickel_V_c.fit
58751.225683	0.01389	18.411	18.344	18.478	19.66971	V	m15_data/M15-4_20190925_052459_d154_Nickel_V_c.fit
58746.388935	0.125	18.392	18.321	18.463	19.05353	V	m15_data/M15-4_20190920_092004_d139_Nickel_V_c.fit
58746.387836	0.04167	18.438	18.258	18.618	18.15541	V	m15_data/M15-4_20190920_091829_d138_Nickel_V_c.fit
58746.387153	0.01389	18.035	17.67	18.4	17.01183	V	m15_data/M15-4_20190920_091730_d137_Nickel_V_c.fit
58738.264363	0.125	18.322	18.289	18.355	19.92542	V	m15_data/M15-4_20190912_062041_d168_Nickel_V_c.fit
58738.263264	0.04167	18.338	18.279	18.397	19.23836	V	m15_data/M15-4_20190912_061906_d167_Nickel_V_c.fit
58738.26265	0.01389	18.485	18.361	18.609	18.71222	V	m15_data/M15-4_20190912_061813_d166_Nickel_V_c.fit
58735.312396	0.125	18.337	18.3	18.374	19.88895	V	m15_data/M15-4_20190909_072951_d164_Nickel_V_c.fit
58735.311227	0.04167	18.342	18.284	18.4	19.44583	V	m15_data/M15-4_20190909_072810_d163_Nickel_V_c.fit
58735.309977	0.01389	18.306	18.174	18.438	18.25516	V	m15_data/M15-4_20190909_072622_d162_Nickel_V_c.fit
58731.376412	0.125	18.361	18.344	18.378	20.7983	V	m15_data/M15-4_20190905_090202_d196_Nickel_V_c.fit
58731.375301	0.04167	18.336	18.301	18.371	20.25962	V	m15_data/M15-4_20190905_090026_d195_Nickel_V_c.fit
58731.374572	0.01389	18.374	18.311	18.437	19.49967	V	m15_data/M15-4_20190905_085923_d194_Nickel_V_c.fit
58731.196331	0.01389	18.466	18.371	18.561	19.49262	V	m15_data/M15-4_20190905_044243_d139_Nickel_V_c.fit
58731.194769	0.04167	18.532	18.46	18.604	20.10611	V	m15_data/M15-4_20190905_044028_d138_Nickel_V_c.fit
58731.191366	0.125	18.511	18.462	18.56	20.91529	V	m15_data/M15-4_20190905_043534_d137_Nickel_V_c.fit
58728.194456	0.08333	18.424	18.402	18.446	20.50038	V	m15_data/M15-4_20190902_044001_d164_Nickel_V_c.fit
58728.19338	0.04167	18.453	18.422	18.484	20.23651	V	m15_data/M15-4_20190902_043828_d163_Nickel_V_c.fit
58728.192708	0.01389	18.586	18.503	18.669	19.39327	V	m15_data/M15-4_20190902_043730_d162_Nickel_V_c.fit
58724.255579	0.125	18.436	18.415	18.457	20.49054	V	m15_data/M15-4_20190829_060802_d165_Nickel_V_c.fit
58724.254491	0.04167	18.474	18.43	18.518	19.8758	V	m15_data/M15-4_20190829_060628_d164_Nickel_V_c.fit
58724.253866	0.01389	18.506	18.411	18.601	19.14605	V	m15_data/M15-4_20190829_060534_d163_Nickel_V_c.fit
58721.317847	0.125	18.408	18.39	18.426	20.69822	V	m15_data/M15-4_20190826_073742_d158_Nickel_V_c.fit
58721.316354	0.04167	18.403	18.37	18.436	20.16071	V	m15_data/M15-4_20190826_073533_d157_Nickel_V_c.fit
58721.315694	0.01389	18.48	18.426	18.534	19.44022	V	m15_data/M15-4_20190826_073436_d156_Nickel_V_c.fit
58713.345579	0.125	18.322	18.276	18.368	19.52122	V	m15_data/M15-4_20190818_081738_d160_Nickel_V_c.fit
58713.34412	0.04167	18.337	18.268	18.406	19.1124	V	m15_data/M15-4_20190818_081532_d159_Nickel_V_c.fit
58713.343032	0.01389	18.372	18.218	18.526	18.09644	V	m15_data/M15-4_20190818_081358_d158_Nickel_V_c.fit
58708.306586	0.125	18.395	18.357	18.433	19.77759	V	m15_data/M15-4_20190813_072129_d169_Nickel_V_c.fit
58708.305127	0.04167	18.199	18.144	18.254	19.27702	V	m15_data/M15-4_20190813_071923_d168_Nickel_V_c.fit
58708.304236	0.01389	18.265	18.166	18.364	18.53504	V	m15_data/M15-4_20190813_071806_d167_Nickel_V_c.fit
58697.349352	0.125	18.366	18.326	18.406	19.73007	V	m15_data/M15-4_20190802_082304_d168_Nickel_V_c.fit
58697.346528	0.04167	18.3	18.24	18.36	19.16549	V	m15_data/M15-4_20190802_081900_d167_Nickel_V_c.fit
58697.345764	0.01389	18.349	18.235	18.463	18.44259	V	m15_data/M15-4_20190802_081754_d166_Nickel_V_c.fit
58694.371076	0.125	18.34	18.315	18.365	20.47995	V	m15_data/M15-4_20190730_085421_d148_Nickel_V_c.fit
58694.369954	0.04167	18.387	18.342	18.432	19.83275	V	m15_data/M15-4_20190730_085244_d147_Nickel_V_c.fit
58694.369213	0.01389	18.517	18.387	18.647	19.05352	V	m15_data/M15-4_20190730_085140_d146_Nickel_V_c.fit
58690.329896	0.125	18.437	18.418	18.456	20.68853	V	m15_data/M15-4_20190726_075503_d175_Nickel_V_c.fit
58690.328738	0.04167	18.496	18.459	18.533	20.08204	V	m15_data/M15-4_20190726_075323_d174_Nickel_V_c.fit
58690.328044	0.01389	18.424	18.351	18.497	19.27329	V	m15_data/M15-4_20190726_075223_d173_Nickel_V_c.fit
58683.328646	0.125	18.4	18.365	18.435	20.0776	V	m15_data/M15-4_20190719_075315_d152_Nickel_V_c.fit
58683.327512	0.04167	18.391	18.325	18.457	19.48236	V	m15_data/M15-4_20190719_075137_d151_Nickel_V_c.fit
58683.326725	0.01389	18.409	18.299	18.519	18.80627	V	m15_data/M15-4_20190719_075029_d150_Nickel_V_c.fit
58676.385498	0.125	18.398	18.383	18.413	20.77453	V	m15_data/M15-4_20190712_091507_d170_Nickel_V_c.fit
58676.383681	0.04167	18.399	18.364	18.434	20.34244	V	m15_data/M15-4_20190712_091230_d169_Nickel_V_c.fit
58676.38287	0.01389	18.244	18.196	18.292	19.55325	V	m15_data/M15-4_20190712_091120_d168_Nickel_V_c.fit
58672.486215	0.125	18.39	18.37	18.41	20.53232	V	m15_data/M15-4_20190708_114009_d219_Nickel_V_c.fit
58672.484792	0.04167	18.38	18.341	18.419	19.90986	V	m15_data/M15-4_20190708_113806_d218_Nickel_V_c.fit
58672.48397	0.01389	18.411	18.325	18.497	19.18149	V	m15_data/M15-4_20190708_113655_d217_Nickel_V_c.fit
58672.301991	0.04167	17.137	17.116	17.158	18.82943	V	m15_data/M15-4_20190708_071452_d169_Nickel_V_c.fit
58664.413507	0.125	18.256	18.211	18.301	19.4616	V	m15_data/M15-4_20190630_095527_d197_Nickel_V_c.fit
58664.412431	0.04167	18.449	18.384	18.514	19.16136	V	m15_data/M15-4_20190630_095354_d196_Nickel_V_c.fit
58658.400116	0.125	18.453	18.428	18.478	20.52238	V	m15_data/M15-4_20190624_093610_d139_Nickel_V_c.fit
58658.398588	0.04167	18.44	18.395	18.485	19.93014	V	m15_data/M15-4_20190624_093358_d138_Nickel_V_c.fit
58653.413032	0.125	18.408	18.388	18.428	20.5193	V	m15_data/M15-4_20190619_095446_d181_Nickel_V_c.fit
58653.411863	0.04167	18.416	18.371	18.461	20.0162	V	m15_data/M15-4_20190619_095305_d180_Nickel_V_c.fit
58653.411088	0.01389	18.385	18.311	18.459	19.22393	V	m15_data/M15-4_20190619_095158_d179_Nickel_V_c.fit
