;; MJD	etburst	mag	-emag	+emag	limmag	filter	imagename
59039.41963	0.125	15.562	15.554	15.57	20.24851	V	m15_data/M15-4_20200709_100416_d179_Nickel_V_c.fit
59039.41853	0.04167	15.569	15.561	15.577	19.6234	V	m15_data/M15-4_20200709_100241_d178_Nickel_V_c.fit
59039.417789	0.01389	15.577	15.565	15.589	19.0238	V	m15_data/M15-4_20200709_100137_d177_Nickel_V_c.fit
59030.467917	0.04167	16.35	16.333	16.367	20.35221	B	m15_data/M15-4_20200630_111348_d194_Nickel_B_c.fit
59030.465266	0.125	15.872	15.862	15.882	20.97915	V	m15_data/M15-4_20200630_110959_d193_Nickel_V_c.fit
59030.463958	0.04167	15.855	15.844	15.866	20.25547	V	m15_data/M15-4_20200630_110806_d192_Nickel_V_c.fit
59030.463079	0.01389	15.873	15.852	15.894	19.32473	V	m15_data/M15-4_20200630_110650_d191_Nickel_V_c.fit
59026.471366	0.125	16.114	16.104	16.124	20.60468	V	m15_data/M15-4_20200626_111846_d163_Nickel_V_c.fit
59026.469861	0.04167	16.119	16.108	16.13	19.94214	V	m15_data/M15-4_20200626_111636_d162_Nickel_V_c.fit
59026.468808	0.01389	16.114	16.096	16.132	19.21803	V	m15_data/M15-4_20200626_111505_d161_Nickel_V_c.fit
59022.407407	0.125	15.495	15.489	15.501	20.40765	V	m15_data/M15-4_20200622_094640_d142_Nickel_V_c.fit
59022.406146	0.04167	15.488	15.481	15.495	19.99631	V	m15_data/M15-4_20200622_094451_d141_Nickel_V_c.fit
59022.405336	0.01389	15.486	15.473	15.499	19.20704	V	m15_data/M15-4_20200622_094341_d140_Nickel_V_c.fit
59018.45022	0.125	15.971	15.963	15.979	20.33533	V	m15_data/M15-4_20200618_104819_d203_Nickel_V_c.fit
59018.448889	0.04167	15.971	15.961	15.981	19.79375	V	m15_data/M15-4_20200618_104624_d202_Nickel_V_c.fit
59018.447303	0.01389	16.004	15.986	16.022	18.87493	V	m15_data/M15-4_20200618_104407_d201_Nickel_V_c.fit
58994.489965	0.04167	15.256	15.249	15.263	20.15215	R	m15_data/M15-4_20200525_114533_d185_Nickel_R_c.fit
58994.487488	0.125	15.478	15.472	15.484	20.63585	V	m15_data/M15-4_20200525_114159_d184_Nickel_V_c.fit
58994.4864	0.04167	15.471	15.464	15.478	20.36322	V	m15_data/M15-4_20200525_114025_d183_Nickel_V_c.fit
58994.485775	0.01389	15.47	15.458	15.482	19.33818	V	m15_data/M15-4_20200525_113931_d182_Nickel_V_c.fit
58994.483206	0.125	15.776	15.768	15.784	20.94657	B	m15_data/M15-4_20200525_113549_d181_Nickel_B_c.fit
58994.482118	0.04167	15.763	15.754	15.772	20.26962	B	m15_data/M15-4_20200525_113415_d180_Nickel_B_c.fit
58994.481435	0.01389	15.783	15.768	15.798	19.22236	B	m15_data/M15-4_20200525_113316_d179_Nickel_B_c.fit
58990.498657	0.125	15.925	15.917	15.933	19.5466	V	m15_data/M15-4_20200521_115804_d208_Nickel_V_c.fit
58990.497593	0.04167	15.921	15.91	15.932	19.22893	V	m15_data/M15-4_20200521_115632_d207_Nickel_V_c.fit
58990.496968	0.01389	15.956	15.938	15.974	18.64812	V	m15_data/M15-4_20200521_115538_d206_Nickel_V_c.fit
58805.193322	0.125	15.907	15.901	15.913	20.07445	V	m15_data/M15-4_20191118_043823_d169_Nickel_V_c.fit
58805.192118	0.04167	15.883	15.873	15.893	19.53151	V	m15_data/M15-4_20191118_043639_d168_Nickel_V_c.fit
58805.191412	0.01389	15.918	15.901	15.935	18.85622	V	m15_data/M15-4_20191118_043538_d167_Nickel_V_c.fit
58805.103056	0.125	15.784	15.777	15.791	20.72919	V	m15_data/M15-4_20191118_022824_d141_Nickel_V_c.fit
58805.101377	0.04167	15.779	15.77	15.788	20.23526	V	m15_data/M15-4_20191118_022559_d140_Nickel_V_c.fit
58805.100694	0.01389	15.77	15.759	15.781	19.38253	V	m15_data/M15-4_20191118_022500_d139_Nickel_V_c.fit
58794.150116	0.125	15.324	15.315	15.333	20.37934	V	m15_data/M15-4_20191107_033610_d144_Nickel_V_c.fit
58794.148958	0.04167	15.32	15.31	15.33	19.97027	V	m15_data/M15-4_20191107_033430_d143_Nickel_V_c.fit
58794.147303	0.01389	15.325	15.31	15.34	19.44104	V	m15_data/M15-4_20191107_033207_d142_Nickel_V_c.fit
58792.166412	0.125	14.984	14.975	14.993	20.12269	I	m15_data/M15-4_20191105_035938_d160_Nickel_I_c.fit
58792.144514	0.125	15.697	15.685	15.709	20.88499	V	m15_data/M15-4_20191105_032806_d155_Nickel_V_c.fit
58792.143345	0.04167	15.672	15.662	15.682	20.16973	V	m15_data/M15-4_20191105_032625_d154_Nickel_V_c.fit
58789.29081	0.125	15.652	15.646	15.658	20.18399	V	m15_data/M15-4_20191102_065846_d176_Nickel_V_c.fit
58789.289676	0.04167	15.654	15.645	15.663	19.63601	V	m15_data/M15-4_20191102_065708_d175_Nickel_V_c.fit
58789.289016	0.01389	15.656	15.644	15.668	18.96865	V	m15_data/M15-4_20191102_065611_d174_Nickel_V_c.fit
58789.194468	0.125	15.437	15.431	15.443	20.68866	V	m15_data/M15-4_20191102_044002_d156_Nickel_V_c.fit
58789.193229	0.04167	15.422	15.415	15.429	20.12827	V	m15_data/M15-4_20191102_043815_d155_Nickel_V_c.fit
58789.192106	0.01389	15.448	15.435	15.461	19.66038	V	m15_data/M15-4_20191102_043638_d154_Nickel_V_c.fit
58788.17235	0.125	15.947	15.94	15.954	20.30906	V	m15_data/M15-4_20191101_040811_d163_Nickel_V_c.fit
58788.171273	0.04167	15.938	15.928	15.948	19.82119	V	m15_data/M15-4_20191101_040638_d162_Nickel_V_c.fit
58788.170637	0.01389	15.956	15.939	15.973	19.18719	V	m15_data/M15-4_20191101_040543_d161_Nickel_V_c.fit
58779.257627	0.08333	15.619	15.613	15.625	20.13856	V	m15_data/M15-4_20191023_061059_d146_Nickel_V_c.fit
58779.256262	0.04167	15.604	15.597	15.611	19.7321	V	m15_data/M15-4_20191023_060901_d145_Nickel_V_c.fit
58779.255521	0.01389	15.591	15.579	15.603	18.91466	V	m15_data/M15-4_20191023_060757_d144_Nickel_V_c.fit
58775.277141	0.125	15.951	15.943	15.959	20.3742	V	m15_data/M15-4_20191019_063905_d151_Nickel_V_c.fit
58775.275637	0.04167	15.95	15.94	15.96	19.7763	V	m15_data/M15-4_20191019_063655_d150_Nickel_V_c.fit
58775.274583	0.01389	15.945	15.93	15.96	18.91127	V	m15_data/M15-4_20191019_063524_d149_Nickel_V_c.fit
58769.355752	0.125	15.818	15.808	15.828	19.39507	V	m15_data/M15-4_20191013_083217_d312_Nickel_V_c.fit
58769.354491	0.04167	15.79	15.776	15.804	18.81211	V	m15_data/M15-4_20191013_083028_d311_Nickel_V_c.fit
58769.353704	0.01389	15.783	15.758	15.808	18.28558	V	m15_data/M15-4_20191013_082920_d310_Nickel_V_c.fit
58763.236493	0.125	15.898	15.73	16.066	16.14714	V	m15_data/M15-4_20191007_054033_d148_Nickel_V_c.fit
58759.22794	0.125	15.606	15.598	15.614	20.47623	V	m15_data/M15-4_20191003_052814_d148_Nickel_V_c.fit
58759.226505	0.04167	15.593	15.582	15.604	20.14051	V	m15_data/M15-4_20191003_052610_d147_Nickel_V_c.fit
58759.224919	0.01389	15.576	15.563	15.589	19.33406	V	m15_data/M15-4_20191003_052353_d146_Nickel_V_c.fit
58751.227743	0.125	15.285	15.279	15.291	21.04231	V	m15_data/M15-4_20190925_052757_d156_Nickel_V_c.fit
58751.226586	0.04167	15.285	15.279	15.291	20.31777	V	m15_data/M15-4_20190925_052617_d155_Nickel_V_c.fit
58751.225683	0.01389	15.284	15.273	15.295	19.65778	V	m15_data/M15-4_20190925_052459_d154_Nickel_V_c.fit
58738.264363	0.125	15.705	15.698	15.712	19.90371	V	m15_data/M15-4_20190912_062041_d168_Nickel_V_c.fit
58738.263264	0.04167	15.733	15.724	15.742	19.23243	V	m15_data/M15-4_20190912_061906_d167_Nickel_V_c.fit
58738.26265	0.01389	15.733	15.717	15.749	18.7071	V	m15_data/M15-4_20190912_061813_d166_Nickel_V_c.fit
58735.312396	0.125	16.051	16.042	16.06	19.86293	V	m15_data/M15-4_20190909_072951_d164_Nickel_V_c.fit
58735.311227	0.04167	16.027	16.015	16.039	19.42057	V	m15_data/M15-4_20190909_072810_d163_Nickel_V_c.fit
58735.309977	0.01389	16.013	15.992	16.034	18.23516	V	m15_data/M15-4_20190909_072622_d162_Nickel_V_c.fit
58731.376412	0.125	15.698	15.691	15.705	20.77872	V	m15_data/M15-4_20190905_090202_d196_Nickel_V_c.fit
58731.375301	0.04167	15.699	15.692	15.706	20.25395	V	m15_data/M15-4_20190905_090026_d195_Nickel_V_c.fit
58731.374572	0.01389	15.672	15.659	15.685	19.49278	V	m15_data/M15-4_20190905_085923_d194_Nickel_V_c.fit
58708.306586	0.125	15.314	15.308	15.32	19.74759	V	m15_data/M15-4_20190813_072129_d169_Nickel_V_c.fit
58708.305127	0.04167	15.289	15.281	15.297	19.27433	V	m15_data/M15-4_20190813_071923_d168_Nickel_V_c.fit
58708.304236	0.01389	15.295	15.282	15.308	18.53134	V	m15_data/M15-4_20190813_071806_d167_Nickel_V_c.fit
58697.349352	0.125	15.942	15.933	15.951	19.71682	V	m15_data/M15-4_20190802_082304_d168_Nickel_V_c.fit
58697.346528	0.04167	15.955	15.943	15.967	19.14187	V	m15_data/M15-4_20190802_081900_d167_Nickel_V_c.fit
58697.345764	0.01389	15.924	15.905	15.943	18.42646	V	m15_data/M15-4_20190802_081754_d166_Nickel_V_c.fit
58694.371076	0.125	15.962	15.952	15.972	20.42682	V	m15_data/M15-4_20190730_085421_d148_Nickel_V_c.fit
58694.369954	0.04167	15.939	15.929	15.949	19.79922	V	m15_data/M15-4_20190730_085244_d147_Nickel_V_c.fit
58694.369213	0.01389	15.962	15.943	15.981	19.05352	V	m15_data/M15-4_20190730_085140_d146_Nickel_V_c.fit
58690.329896	0.125	15.822	15.814	15.83	20.60552	V	m15_data/M15-4_20190726_075503_d175_Nickel_V_c.fit
58690.328738	0.04167	15.864	15.854	15.874	20.07861	V	m15_data/M15-4_20190726_075323_d174_Nickel_V_c.fit
58690.328044	0.01389	15.88	15.864	15.896	19.26909	V	m15_data/M15-4_20190726_075223_d173_Nickel_V_c.fit
58683.328646	0.125	15.469	15.464	15.474	20.06268	V	m15_data/M15-4_20190719_075315_d152_Nickel_V_c.fit
58683.327512	0.04167	15.471	15.465	15.477	19.43586	V	m15_data/M15-4_20190719_075137_d151_Nickel_V_c.fit
58683.326725	0.01389	15.49	15.479	15.501	18.80277	V	m15_data/M15-4_20190719_075029_d150_Nickel_V_c.fit
58676.385498	0.125	15.854	15.844	15.864	20.74891	V	m15_data/M15-4_20190712_091507_d170_Nickel_V_c.fit
58676.383681	0.04167	15.844	15.829	15.859	20.31495	V	m15_data/M15-4_20190712_091230_d169_Nickel_V_c.fit
58676.38287	0.01389	15.863	15.848	15.878	19.54124	V	m15_data/M15-4_20190712_091120_d168_Nickel_V_c.fit
58672.486215	0.125	15.476	15.47	15.482	20.45691	V	m15_data/M15-4_20190708_114009_d219_Nickel_V_c.fit
58672.484792	0.04167	15.506	15.5	15.512	19.85566	V	m15_data/M15-4_20190708_113806_d218_Nickel_V_c.fit
58672.48397	0.01389	15.507	15.494	15.52	19.17697	V	m15_data/M15-4_20190708_113655_d217_Nickel_V_c.fit
58672.303356	0.125	15.95	15.941	15.959	19.50401	V	m15_data/M15-4_20190708_071650_d170_Nickel_V_c.fit
58672.301991	0.04167	15.921	15.907	15.935	18.8214	V	m15_data/M15-4_20190708_071452_d169_Nickel_V_c.fit
58672.301123	0.01389	15.936	15.91	15.962	18.11925	V	m15_data/M15-4_20190708_071337_d168_Nickel_V_c.fit
58664.413507	0.125	15.964	15.954	15.974	19.4323	V	m15_data/M15-4_20190630_095527_d197_Nickel_V_c.fit
58664.412431	0.04167	15.945	15.933	15.957	19.13956	V	m15_data/M15-4_20190630_095354_d196_Nickel_V_c.fit
58664.411806	0.01389	16.097	15.975	16.219	16.43232	V	m15_data/M15-4_20190630_095300_d195_Nickel_V_c.fit
58658.400116	0.125	15.679	15.671	15.687	20.47117	V	m15_data/M15-4_20190624_093610_d139_Nickel_V_c.fit
58658.398588	0.04167	15.674	15.666	15.682	19.91746	V	m15_data/M15-4_20190624_093358_d138_Nickel_V_c.fit
58653.413032	0.125	15.714	15.707	15.721	20.45419	V	m15_data/M15-4_20190619_095446_d181_Nickel_V_c.fit
58653.411863	0.04167	15.714	15.705	15.723	19.98979	V	m15_data/M15-4_20190619_095305_d180_Nickel_V_c.fit
58653.411088	0.01389	15.68	15.67	15.69	19.21723	V	m15_data/M15-4_20190619_095158_d179_Nickel_V_c.fit
