;; MJD	etburst	mag	-emag	+emag	limmag	filter	imagename
59039.41963	0.125	15.802	15.765	15.839	20.24851	V	m15_data/M15-4_20200709_100416_d179_Nickel_V_c.fit
59039.41853	0.04167	15.616	15.599	15.633	19.6235	V	m15_data/M15-4_20200709_100241_d178_Nickel_V_c.fit
59039.417789	0.01389	15.499	15.483	15.515	19.0253	V	m15_data/M15-4_20200709_100137_d177_Nickel_V_c.fit
59030.467917	0.04167	16.281	16.258	16.304	20.35221	B	m15_data/M15-4_20200630_111348_d194_Nickel_B_c.fit
59030.465266	0.125	15.497	15.479	15.515	20.97915	V	m15_data/M15-4_20200630_110959_d193_Nickel_V_c.fit
59030.463958	0.04167	15.503	15.485	15.521	20.25547	V	m15_data/M15-4_20200630_110806_d192_Nickel_V_c.fit
59030.463079	0.01389	15.701	15.663	15.739	19.32473	V	m15_data/M15-4_20200630_110650_d191_Nickel_V_c.fit
59026.471366	0.125	15.742	15.706	15.778	20.60468	V	m15_data/M15-4_20200626_111846_d163_Nickel_V_c.fit
59026.469861	0.04167	15.791	15.747	15.835	19.94214	V	m15_data/M15-4_20200626_111636_d162_Nickel_V_c.fit
59026.468808	0.01389	15.724	15.687	15.761	19.21803	V	m15_data/M15-4_20200626_111505_d161_Nickel_V_c.fit
59022.407407	0.125	15.928	15.865	15.991	20.40755	V	m15_data/M15-4_20200622_094640_d142_Nickel_V_c.fit
59022.406146	0.04167	15.985	15.925	16.045	19.99621	V	m15_data/M15-4_20200622_094451_d141_Nickel_V_c.fit
59022.405336	0.01389	16.034	15.979	16.089	19.20744	V	m15_data/M15-4_20200622_094341_d140_Nickel_V_c.fit
59018.45022	0.125	16.078	16.016	16.14	20.33533	V	m15_data/M15-4_20200618_104819_d203_Nickel_V_c.fit
59018.448889	0.04167	16.079	16.016	16.142	19.79375	V	m15_data/M15-4_20200618_104624_d202_Nickel_V_c.fit
59018.447303	0.01389	16.154	16.078	16.23	18.87493	V	m15_data/M15-4_20200618_104407_d201_Nickel_V_c.fit
59010.449734	0.125	15.492	15.472	15.512	20.71766	V	m15_data/M15-4_20200610_104737_d184_Nickel_V_c.fit
59010.448588	0.04167	15.505	15.486	15.524	20.09799	V	m15_data/M15-4_20200610_104558_d183_Nickel_V_c.fit
59010.447882	0.01389	15.633	15.595	15.671	19.23024	V	m15_data/M15-4_20200610_104457_d182_Nickel_V_c.fit
58994.489965	0.04167	14.915	14.905	14.925	20.15245	R	m15_data/M15-4_20200525_114533_d185_Nickel_R_c.fit
58994.487488	0.125	15.51	15.492	15.528	20.63595	V	m15_data/M15-4_20200525_114159_d184_Nickel_V_c.fit
58994.4864	0.04167	15.426	15.413	15.439	20.36332	V	m15_data/M15-4_20200525_114025_d183_Nickel_V_c.fit
58994.485775	0.01389	15.503	15.482	15.524	19.33758	V	m15_data/M15-4_20200525_113931_d182_Nickel_V_c.fit
58994.483206	0.125	16.271	16.253	16.289	20.94767	B	m15_data/M15-4_20200525_113549_d181_Nickel_B_c.fit
58994.482118	0.04167	16.304	16.282	16.326	20.26892	B	m15_data/M15-4_20200525_113415_d180_Nickel_B_c.fit
58994.481435	0.01389	16.325	16.292	16.358	19.22446	B	m15_data/M15-4_20200525_113316_d179_Nickel_B_c.fit
58990.498657	0.125	15.777	15.732	15.822	19.5466	V	m15_data/M15-4_20200521_115804_d208_Nickel_V_c.fit
58990.497593	0.04167	15.78	15.738	15.822	19.22893	V	m15_data/M15-4_20200521_115632_d207_Nickel_V_c.fit
58990.496968	0.01389	15.763	15.721	15.805	18.64812	V	m15_data/M15-4_20200521_115538_d206_Nickel_V_c.fit
58805.193322	0.125	15.954	15.899	16.009	20.07445	V	m15_data/M15-4_20191118_043823_d169_Nickel_V_c.fit
58805.192118	0.04167	15.894	15.842	15.946	19.53151	V	m15_data/M15-4_20191118_043639_d168_Nickel_V_c.fit
58805.191412	0.01389	15.866	15.816	15.916	18.85622	V	m15_data/M15-4_20191118_043538_d167_Nickel_V_c.fit
58805.103056	0.125	15.718	15.674	15.762	20.72919	V	m15_data/M15-4_20191118_022824_d141_Nickel_V_c.fit
58805.101377	0.04167	15.715	15.676	15.754	20.23526	V	m15_data/M15-4_20191118_022559_d140_Nickel_V_c.fit
58805.100694	0.01389	15.962	15.886	16.038	19.38263	V	m15_data/M15-4_20191118_022500_d139_Nickel_V_c.fit
58794.150116	0.125	15.458	15.445	15.471	20.37924	V	m15_data/M15-4_20191107_033610_d144_Nickel_V_c.fit
58794.148958	0.04167	15.399	15.387	15.411	19.96997	V	m15_data/M15-4_20191107_033430_d143_Nickel_V_c.fit
58794.147303	0.01389	15.42	15.404	15.436	19.44004	V	m15_data/M15-4_20191107_033207_d142_Nickel_V_c.fit
58792.166412	0.125	14.265	14.256	14.274	20.12269	I	m15_data/M15-4_20191105_035938_d160_Nickel_I_c.fit
58792.144514	0.125	15.44	15.43	15.45	20.88499	V	m15_data/M15-4_20191105_032806_d155_Nickel_V_c.fit
58792.143345	0.04167	15.5	15.486	15.514	20.16993	V	m15_data/M15-4_20191105_032625_d154_Nickel_V_c.fit
58789.29081	0.125	15.838	15.796	15.88	20.18399	V	m15_data/M15-4_20191102_065846_d176_Nickel_V_c.fit
58789.289676	0.04167	15.705	15.673	15.737	19.63601	V	m15_data/M15-4_20191102_065708_d175_Nickel_V_c.fit
58789.289016	0.01389	15.5	15.48	15.52	18.96985	V	m15_data/M15-4_20191102_065611_d174_Nickel_V_c.fit
58789.194468	0.125	15.484	15.469	15.499	20.68856	V	m15_data/M15-4_20191102_044002_d156_Nickel_V_c.fit
58789.193229	0.04167	15.554	15.536	15.572	20.12887	V	m15_data/M15-4_20191102_043815_d155_Nickel_V_c.fit
58789.192106	0.01389	15.45	15.437	15.463	19.66128	V	m15_data/M15-4_20191102_043638_d154_Nickel_V_c.fit
58788.17235	0.125	15.974	15.918	16.03	20.30906	V	m15_data/M15-4_20191101_040811_d163_Nickel_V_c.fit
58788.171273	0.04167	15.978	15.925	16.031	19.82119	V	m15_data/M15-4_20191101_040638_d162_Nickel_V_c.fit
58788.170637	0.01389	15.753	15.717	15.789	19.18719	V	m15_data/M15-4_20191101_040543_d161_Nickel_V_c.fit
58779.257627	0.08333	15.939	15.888	15.99	20.13856	V	m15_data/M15-4_20191023_061059_d146_Nickel_V_c.fit
58779.256262	0.04167	15.966	15.903	16.029	19.7319	V	m15_data/M15-4_20191023_060901_d145_Nickel_V_c.fit
58779.255521	0.01389	15.827	15.762	15.892	18.91416	V	m15_data/M15-4_20191023_060757_d144_Nickel_V_c.fit
58775.277141	0.125	15.464	15.447	15.481	20.3742	V	m15_data/M15-4_20191019_063905_d151_Nickel_V_c.fit
58775.275637	0.04167	15.891	15.838	15.944	19.7763	V	m15_data/M15-4_20191019_063655_d150_Nickel_V_c.fit
58775.274583	0.01389	15.877	15.826	15.928	18.91127	V	m15_data/M15-4_20191019_063524_d149_Nickel_V_c.fit
58769.355752	0.125	15.451	15.437	15.465	19.39507	V	m15_data/M15-4_20191013_083217_d312_Nickel_V_c.fit
58769.354491	0.04167	15.561	15.535	15.587	18.81211	V	m15_data/M15-4_20191013_083028_d311_Nickel_V_c.fit
58769.353704	0.01389	15.41	15.385	15.435	18.28778	V	m15_data/M15-4_20191013_082920_d310_Nickel_V_c.fit
58768.317685	0.125	15.768	15.733	15.803	19.46443	V	m15_data/M15-4_20191012_073728_d187_Nickel_V_c.fit
58768.31647	0.04167	15.555	15.536	15.574	19.03594	V	m15_data/M15-4_20191012_073543_d186_Nickel_V_c.fit
58768.315498	0.01389	15.994	15.931	16.057	18.31238	V	m15_data/M15-4_20191012_073419_d185_Nickel_V_c.fit
58763.236493	0.125	15.93	15.775	16.085	16.15134	V	m15_data/M15-4_20191007_054033_d148_Nickel_V_c.fit
58759.22794	0.125	15.897	15.852	15.942	20.47623	V	m15_data/M15-4_20191003_052814_d148_Nickel_V_c.fit
58759.226505	0.04167	15.593	15.575	15.611	20.14061	V	m15_data/M15-4_20191003_052610_d147_Nickel_V_c.fit
58759.224919	0.01389	15.567	15.55	15.584	19.33376	V	m15_data/M15-4_20191003_052353_d146_Nickel_V_c.fit
58751.227743	0.125	15.54	15.523	15.557	21.04291	V	m15_data/M15-4_20190925_052757_d156_Nickel_V_c.fit
58751.226586	0.04167	15.733	15.7	15.766	20.31807	V	m15_data/M15-4_20190925_052617_d155_Nickel_V_c.fit
58751.225683	0.01389	15.53	15.507	15.553	19.65828	V	m15_data/M15-4_20190925_052459_d154_Nickel_V_c.fit
58746.388935	0.125	16.169	16.102	16.236	19.04016	V	m15_data/M15-4_20190920_092004_d139_Nickel_V_c.fit
58746.387836	0.04167	16.117	16.046	16.188	18.15541	V	m15_data/M15-4_20190920_091829_d138_Nickel_V_c.fit
58746.387153	0.01389	16.125	16.026	16.224	17.00776	V	m15_data/M15-4_20190920_091730_d137_Nickel_V_c.fit
58738.264363	0.125	15.726	15.692	15.76	19.90391	V	m15_data/M15-4_20190912_062041_d168_Nickel_V_c.fit
58738.263264	0.04167	15.878	15.828	15.928	19.23223	V	m15_data/M15-4_20190912_061906_d167_Nickel_V_c.fit
58738.26265	0.01389	15.834	15.785	15.883	18.7072	V	m15_data/M15-4_20190912_061813_d166_Nickel_V_c.fit
58735.312396	0.125	16.244	16.168	16.32	19.86293	V	m15_data/M15-4_20190909_072951_d164_Nickel_V_c.fit
58735.311227	0.04167	16.22	16.143	16.297	19.42057	V	m15_data/M15-4_20190909_072810_d163_Nickel_V_c.fit
58735.309977	0.01389	16.186	16.097	16.275	18.23516	V	m15_data/M15-4_20190909_072622_d162_Nickel_V_c.fit
58731.376412	0.125	15.523	15.504	15.542	20.77952	V	m15_data/M15-4_20190905_090202_d196_Nickel_V_c.fit
58731.375301	0.04167	15.523	15.504	15.542	20.25405	V	m15_data/M15-4_20190905_090026_d195_Nickel_V_c.fit
58731.374572	0.01389	15.51	15.488	15.532	19.49208	V	m15_data/M15-4_20190905_085923_d194_Nickel_V_c.fit
58731.196331	0.01389	15.553	15.535	15.571	19.49225	V	m15_data/M15-4_20190905_044243_d139_Nickel_V_c.fit
58731.194769	0.04167	15.508	15.492	15.524	20.07098	V	m15_data/M15-4_20190905_044028_d138_Nickel_V_c.fit
58731.191366	0.125	15.56	15.546	15.574	20.8011	V	m15_data/M15-4_20190905_043534_d137_Nickel_V_c.fit
58728.194456	0.08333	15.711	15.675	15.747	20.47673	V	m15_data/M15-4_20190902_044001_d164_Nickel_V_c.fit
58728.19338	0.04167	15.708	15.676	15.74	20.21895	V	m15_data/M15-4_20190902_043828_d163_Nickel_V_c.fit
58728.192708	0.01389	15.719	15.681	15.757	19.36578	V	m15_data/M15-4_20190902_043730_d162_Nickel_V_c.fit
58724.255579	0.125	15.842	15.805	15.879	20.40358	V	m15_data/M15-4_20190829_060802_d165_Nickel_V_c.fit
58724.254491	0.04167	15.971	15.92	16.022	19.84898	V	m15_data/M15-4_20190829_060628_d164_Nickel_V_c.fit
58724.253866	0.01389	15.85	15.809	15.891	19.13839	V	m15_data/M15-4_20190829_060534_d163_Nickel_V_c.fit
58721.317847	0.125	15.793	15.752	15.834	20.57315	V	m15_data/M15-4_20190826_073742_d158_Nickel_V_c.fit
58721.316354	0.04167	15.767	15.728	15.806	20.0935	V	m15_data/M15-4_20190826_073533_d157_Nickel_V_c.fit
58721.315694	0.01389	15.722	15.689	15.755	19.42548	V	m15_data/M15-4_20190826_073436_d156_Nickel_V_c.fit
58713.34412	0.04167	16.165	16.082	16.248	19.11164	V	m15_data/M15-4_20190818_081532_d159_Nickel_V_c.fit
58713.343032	0.01389	12.839	12.827	12.851	18.09191	V	m15_data/M15-4_20190818_081358_d158_Nickel_V_c.fit
58708.306586	0.125	16.231	16.159	16.303	19.74789	V	m15_data/M15-4_20190813_072129_d169_Nickel_V_c.fit
58708.305127	0.04167	15.965	15.915	16.015	19.27453	V	m15_data/M15-4_20190813_071923_d168_Nickel_V_c.fit
58708.304236	0.01389	16.252	16.175	16.329	18.53474	V	m15_data/M15-4_20190813_071806_d167_Nickel_V_c.fit
58697.349352	0.125	16.179	16.118	16.24	19.71682	V	m15_data/M15-4_20190802_082304_d168_Nickel_V_c.fit
58697.346528	0.04167	16.222	16.16	16.284	19.14187	V	m15_data/M15-4_20190802_081900_d167_Nickel_V_c.fit
58697.345764	0.01389	16.179	16.101	16.257	18.42646	V	m15_data/M15-4_20190802_081754_d166_Nickel_V_c.fit
58694.371076	0.125	16.052	16.003	16.101	20.42682	V	m15_data/M15-4_20190730_085421_d148_Nickel_V_c.fit
58694.369954	0.04167	16.18	16.119	16.241	19.79922	V	m15_data/M15-4_20190730_085244_d147_Nickel_V_c.fit
58694.369213	0.01389	16.004	15.949	16.059	19.05352	V	m15_data/M15-4_20190730_085140_d146_Nickel_V_c.fit
58690.329896	0.125	15.794	15.759	15.829	20.60552	V	m15_data/M15-4_20190726_075503_d175_Nickel_V_c.fit
58690.328738	0.04167	15.881	15.833	15.929	20.07861	V	m15_data/M15-4_20190726_075323_d174_Nickel_V_c.fit
58690.328044	0.01389	16.016	15.948	16.084	19.26909	V	m15_data/M15-4_20190726_075223_d173_Nickel_V_c.fit
58683.328646	0.125	15.74	15.7	15.78	20.06298	V	m15_data/M15-4_20190719_075315_d152_Nickel_V_c.fit
58683.327512	0.04167	15.743	15.703	15.783	19.43516	V	m15_data/M15-4_20190719_075137_d151_Nickel_V_c.fit
58683.326725	0.01389	15.744	15.708	15.78	18.80307	V	m15_data/M15-4_20190719_075029_d150_Nickel_V_c.fit
58676.385498	0.125	15.56	15.543	15.577	20.74891	V	m15_data/M15-4_20190712_091507_d170_Nickel_V_c.fit
58676.383681	0.04167	15.54	15.524	15.556	20.31495	V	m15_data/M15-4_20190712_091230_d169_Nickel_V_c.fit
58676.38287	0.01389	15.535	15.517	15.553	19.54134	V	m15_data/M15-4_20190712_091120_d168_Nickel_V_c.fit
58672.486215	0.125	15.808	15.768	15.848	20.45711	V	m15_data/M15-4_20190708_114009_d219_Nickel_V_c.fit
58672.484792	0.04167	16.031	15.967	16.095	19.85616	V	m15_data/M15-4_20190708_113806_d218_Nickel_V_c.fit
58672.48397	0.01389	15.777	15.738	15.816	19.17647	V	m15_data/M15-4_20190708_113655_d217_Nickel_V_c.fit
58664.413507	0.125	16.264	16.186	16.342	19.4323	V	m15_data/M15-4_20190630_095527_d197_Nickel_V_c.fit
58664.412431	0.04167	16.211	16.134	16.288	19.13956	V	m15_data/M15-4_20190630_095354_d196_Nickel_V_c.fit
58664.411806	0.01389	16.301	16.121	16.481	16.43232	V	m15_data/M15-4_20190630_095300_d195_Nickel_V_c.fit
58658.400116	0.125	15.948	15.891	16.005	20.47187	V	m15_data/M15-4_20190624_093610_d139_Nickel_V_c.fit
58658.398588	0.04167	15.527	15.511	15.543	19.91786	V	m15_data/M15-4_20190624_093358_d138_Nickel_V_c.fit
58653.413032	0.125	15.511	15.489	15.533	20.45419	V	m15_data/M15-4_20190619_095446_d181_Nickel_V_c.fit
58653.411863	0.04167	15.495	15.472	15.518	19.98959	V	m15_data/M15-4_20190619_095305_d180_Nickel_V_c.fit
58653.411088	0.01389	15.426	15.39	15.462	19.21673	V	m15_data/M15-4_20190619_095158_d179_Nickel_V_c.fit
