;; MJD	etburst	mag	-emag	+emag	limmag	filter	imagename
59026.471366	0.125	14.026	14.012	14.04	20.60468	V	m15_data/M15-4_20200626_111846_d163_Nickel_V_c.fit
59026.469861	0.04167	14.025	14.01	14.04	19.94214	V	m15_data/M15-4_20200626_111636_d162_Nickel_V_c.fit
59026.468808	0.01389	14.024	14.006	14.042	19.21803	V	m15_data/M15-4_20200626_111505_d161_Nickel_V_c.fit
59022.407407	0.125	14.067	14.052	14.082	20.40755	V	m15_data/M15-4_20200622_094640_d142_Nickel_V_c.fit
59022.406146	0.04167	14.037	14.019	14.055	19.99621	V	m15_data/M15-4_20200622_094451_d141_Nickel_V_c.fit
59022.405336	0.01389	14.05	14.029	14.071	19.20744	V	m15_data/M15-4_20200622_094341_d140_Nickel_V_c.fit
58994.489965	0.04167	13.392	13.386	13.398	20.15065	R	m15_data/M15-4_20200525_114533_d185_Nickel_R_c.fit
58994.487488	0.125	13.957	13.945	13.969	20.63595	V	m15_data/M15-4_20200525_114159_d184_Nickel_V_c.fit
58994.4864	0.04167	13.964	13.957	13.971	20.36112	V	m15_data/M15-4_20200525_114025_d183_Nickel_V_c.fit
58994.485775	0.01389	13.949	13.94	13.958	19.34198	V	m15_data/M15-4_20200525_113931_d182_Nickel_V_c.fit
58994.483206	0.125	14.89	14.871	14.909	20.94767	B	m15_data/M15-4_20200525_113549_d181_Nickel_B_c.fit
58994.482118	0.04167	14.881	14.858	14.904	20.26892	B	m15_data/M15-4_20200525_113415_d180_Nickel_B_c.fit
58994.481435	0.01389	14.879	14.861	14.897	19.22416	B	m15_data/M15-4_20200525_113316_d179_Nickel_B_c.fit
58805.103056	0.125	14.019	14.001	14.037	20.72919	V	m15_data/M15-4_20191118_022824_d141_Nickel_V_c.fit
58805.101377	0.04167	14.014	13.998	14.03	20.23526	V	m15_data/M15-4_20191118_022559_d140_Nickel_V_c.fit
58805.100694	0.01389	14.015	13.994	14.036	19.38263	V	m15_data/M15-4_20191118_022500_d139_Nickel_V_c.fit
58792.166412	0.125	12.683	12.66	12.706	20.12269	I	m15_data/M15-4_20191105_035938_d160_Nickel_I_c.fit
58792.144514	0.125	13.967	13.954	13.98	20.88499	V	m15_data/M15-4_20191105_032806_d155_Nickel_V_c.fit
58792.143345	0.04167	13.96	13.952	13.968	20.16853	V	m15_data/M15-4_20191105_032625_d154_Nickel_V_c.fit
58789.29081	0.125	14.013	14.0	14.026	20.18399	V	m15_data/M15-4_20191102_065846_d176_Nickel_V_c.fit
58789.289676	0.04167	14.018	14.002	14.034	19.63601	V	m15_data/M15-4_20191102_065708_d175_Nickel_V_c.fit
58789.289016	0.01389	14.016	14.004	14.028	18.96715	V	m15_data/M15-4_20191102_065611_d174_Nickel_V_c.fit
58789.194468	0.125	13.949	13.937	13.961	20.68856	V	m15_data/M15-4_20191102_044002_d156_Nickel_V_c.fit
58789.193229	0.04167	13.951	13.943	13.959	20.12607	V	m15_data/M15-4_20191102_043815_d155_Nickel_V_c.fit
58789.192106	0.01389	13.963	13.954	13.972	19.66518	V	m15_data/M15-4_20191102_043638_d154_Nickel_V_c.fit
58788.17235	0.125	14.043	14.028	14.058	20.30906	V	m15_data/M15-4_20191101_040811_d163_Nickel_V_c.fit
58788.171273	0.04167	14.03	14.015	14.045	19.82119	V	m15_data/M15-4_20191101_040638_d162_Nickel_V_c.fit
58788.170637	0.01389	14.001	13.985	14.017	19.18719	V	m15_data/M15-4_20191101_040543_d161_Nickel_V_c.fit
58779.257627	0.08333	14.042	14.028	14.056	20.13856	V	m15_data/M15-4_20191023_061059_d146_Nickel_V_c.fit
58775.277141	0.125	14.027	14.014	14.04	20.3742	V	m15_data/M15-4_20191019_063905_d151_Nickel_V_c.fit
58775.275637	0.04167	14.029	14.015	14.043	19.7763	V	m15_data/M15-4_20191019_063655_d150_Nickel_V_c.fit
58775.274583	0.01389	14.047	14.029	14.065	18.91127	V	m15_data/M15-4_20191019_063524_d149_Nickel_V_c.fit
58763.236493	0.125	13.977	13.934	14.02	16.14714	V	m15_data/M15-4_20191007_054033_d148_Nickel_V_c.fit
58759.22794	0.125	14.038	14.02	14.056	20.47623	V	m15_data/M15-4_20191003_052814_d148_Nickel_V_c.fit
58759.226505	0.04167	14.047	14.028	14.066	20.14061	V	m15_data/M15-4_20191003_052610_d147_Nickel_V_c.fit
58759.224919	0.01389	14.032	14.012	14.052	19.33376	V	m15_data/M15-4_20191003_052353_d146_Nickel_V_c.fit
58751.227743	0.125	13.98	13.963	13.997	21.04291	V	m15_data/M15-4_20190925_052757_d156_Nickel_V_c.fit
58751.226586	0.04167	14.034	14.018	14.05	20.31807	V	m15_data/M15-4_20190925_052617_d155_Nickel_V_c.fit
58751.225683	0.01389	13.967	13.954	13.98	19.66048	V	m15_data/M15-4_20190925_052459_d154_Nickel_V_c.fit
58738.264363	0.125	14.026	14.01	14.042	19.90391	V	m15_data/M15-4_20190912_062041_d168_Nickel_V_c.fit
58738.263264	0.04167	14.022	14.006	14.038	19.23223	V	m15_data/M15-4_20190912_061906_d167_Nickel_V_c.fit
58738.26265	0.01389	14.029	14.013	14.045	18.7072	V	m15_data/M15-4_20190912_061813_d166_Nickel_V_c.fit
58731.376412	0.125	13.981	13.963	13.999	20.77952	V	m15_data/M15-4_20190905_090202_d196_Nickel_V_c.fit
58731.375301	0.04167	13.979	13.961	13.997	20.25405	V	m15_data/M15-4_20190905_090026_d195_Nickel_V_c.fit
58731.374572	0.01389	13.99	13.969	14.011	19.49208	V	m15_data/M15-4_20190905_085923_d194_Nickel_V_c.fit
58731.196331	0.01389	13.996	13.985	14.007	19.48845	V	m15_data/M15-4_20190905_044243_d139_Nickel_V_c.fit
58731.194769	0.04167	14.043	14.028	14.058	20.07098	V	m15_data/M15-4_20190905_044028_d138_Nickel_V_c.fit
58731.191366	0.125	13.985	13.97	14.0	20.8011	V	m15_data/M15-4_20190905_043534_d137_Nickel_V_c.fit
58713.345579	0.125	14.195	14.18	14.21	19.50465	V	m15_data/M15-4_20190818_081738_d160_Nickel_V_c.fit
58713.34412	0.04167	14.18	14.162	14.198	19.11164	V	m15_data/M15-4_20190818_081532_d159_Nickel_V_c.fit
58713.343032	0.01389	14.244	14.223	14.265	18.09191	V	m15_data/M15-4_20190818_081358_d158_Nickel_V_c.fit
58708.306586	0.125	14.099	14.081	14.117	19.74789	V	m15_data/M15-4_20190813_072129_d169_Nickel_V_c.fit
58708.305127	0.04167	14.069	14.049	14.089	19.27453	V	m15_data/M15-4_20190813_071923_d168_Nickel_V_c.fit
58708.304236	0.01389	14.078	14.057	14.099	18.53474	V	m15_data/M15-4_20190813_071806_d167_Nickel_V_c.fit
58697.349352	0.125	14.291	14.274	14.308	19.71682	V	m15_data/M15-4_20190802_082304_d168_Nickel_V_c.fit
58697.346528	0.04167	14.269	14.253	14.285	19.14187	V	m15_data/M15-4_20190802_081900_d167_Nickel_V_c.fit
58697.345764	0.01389	14.234	14.213	14.255	18.42646	V	m15_data/M15-4_20190802_081754_d166_Nickel_V_c.fit
58694.371076	0.125	14.172	14.154	14.19	20.42682	V	m15_data/M15-4_20190730_085421_d148_Nickel_V_c.fit
58694.369954	0.04167	14.154	14.135	14.173	19.79922	V	m15_data/M15-4_20190730_085244_d147_Nickel_V_c.fit
58694.369213	0.01389	14.102	14.086	14.118	19.05352	V	m15_data/M15-4_20190730_085140_d146_Nickel_V_c.fit
58690.329896	0.125	14.028	14.012	14.044	20.60552	V	m15_data/M15-4_20190726_075503_d175_Nickel_V_c.fit
58690.328738	0.04167	14.032	14.016	14.048	20.07861	V	m15_data/M15-4_20190726_075323_d174_Nickel_V_c.fit
58690.328044	0.01389	13.999	13.981	14.017	19.26909	V	m15_data/M15-4_20190726_075223_d173_Nickel_V_c.fit
58683.328646	0.125	14.005	13.99	14.02	20.06298	V	m15_data/M15-4_20190719_075315_d152_Nickel_V_c.fit
58683.327512	0.04167	14.024	14.009	14.039	19.43516	V	m15_data/M15-4_20190719_075137_d151_Nickel_V_c.fit
58683.326725	0.01389	14.002	13.991	14.013	18.80067	V	m15_data/M15-4_20190719_075029_d150_Nickel_V_c.fit
58676.385498	0.125	13.969	13.949	13.989	20.74891	V	m15_data/M15-4_20190712_091507_d170_Nickel_V_c.fit
58676.383681	0.04167	13.97	13.946	13.994	20.31495	V	m15_data/M15-4_20190712_091230_d169_Nickel_V_c.fit
58676.38287	0.01389	13.993	13.978	14.008	19.53604	V	m15_data/M15-4_20190712_091120_d168_Nickel_V_c.fit
58672.303356	0.125	14.245	14.231	14.259	19.50401	V	m15_data/M15-4_20190708_071650_d170_Nickel_V_c.fit
58672.301991	0.04167	14.458	14.436	14.48	18.8214	V	m15_data/M15-4_20190708_071452_d169_Nickel_V_c.fit
58672.301123	0.01389	14.214	14.202	14.226	18.11725	V	m15_data/M15-4_20190708_071337_d168_Nickel_V_c.fit
58658.400116	0.125	14.045	14.028	14.062	20.47187	V	m15_data/M15-4_20190624_093610_d139_Nickel_V_c.fit
58658.398588	0.04167	14.034	14.017	14.051	19.91786	V	m15_data/M15-4_20190624_093358_d138_Nickel_V_c.fit
