;; MJD	etburst	mag	-emag	+emag	limmag	filter	imagename
59039.41963	0.125	14.167	14.15	14.184	20.24851	V	m15_data/M15-4_20200709_100416_d179_Nickel_V_c.fit
59039.41853	0.04167	14.125	14.107	14.143	19.6235	V	m15_data/M15-4_20200709_100241_d178_Nickel_V_c.fit
59039.417789	0.01389	14.102	14.085	14.119	19.0253	V	m15_data/M15-4_20200709_100137_d177_Nickel_V_c.fit
59030.467917	0.04167	15.029	15.003	15.055	20.35221	B	m15_data/M15-4_20200630_111348_d194_Nickel_B_c.fit
59030.465266	0.125	14.098	14.082	14.114	20.97915	V	m15_data/M15-4_20200630_110959_d193_Nickel_V_c.fit
59030.463958	0.04167	14.083	14.068	14.098	20.25547	V	m15_data/M15-4_20200630_110806_d192_Nickel_V_c.fit
59030.463079	0.01389	14.072	14.055	14.089	19.32473	V	m15_data/M15-4_20200630_110650_d191_Nickel_V_c.fit
59026.471366	0.125	14.171	14.155	14.187	20.60468	V	m15_data/M15-4_20200626_111846_d163_Nickel_V_c.fit
59026.469861	0.04167	14.157	14.143	14.171	19.94214	V	m15_data/M15-4_20200626_111636_d162_Nickel_V_c.fit
59026.468808	0.01389	14.134	14.119	14.149	19.21803	V	m15_data/M15-4_20200626_111505_d161_Nickel_V_c.fit
59022.407407	0.125	14.148	14.135	14.161	20.40755	V	m15_data/M15-4_20200622_094640_d142_Nickel_V_c.fit
59022.406146	0.04167	14.146	14.131	14.161	19.99621	V	m15_data/M15-4_20200622_094451_d141_Nickel_V_c.fit
59022.405336	0.01389	14.152	14.134	14.17	19.20744	V	m15_data/M15-4_20200622_094341_d140_Nickel_V_c.fit
59018.45022	0.125	14.153	14.139	14.167	20.33533	V	m15_data/M15-4_20200618_104819_d203_Nickel_V_c.fit
59018.448889	0.04167	14.165	14.15	14.18	19.79375	V	m15_data/M15-4_20200618_104624_d202_Nickel_V_c.fit
59018.447303	0.01389	14.165	14.149	14.181	18.87493	V	m15_data/M15-4_20200618_104407_d201_Nickel_V_c.fit
58994.489965	0.04167	13.472	13.459	13.485	20.15245	R	m15_data/M15-4_20200525_114533_d185_Nickel_R_c.fit
58994.487488	0.125	14.077	14.064	14.09	20.63595	V	m15_data/M15-4_20200525_114159_d184_Nickel_V_c.fit
58994.4864	0.04167	14.051	14.038	14.064	20.36332	V	m15_data/M15-4_20200525_114025_d183_Nickel_V_c.fit
58994.485775	0.01389	14.072	14.059	14.085	19.33758	V	m15_data/M15-4_20200525_113931_d182_Nickel_V_c.fit
58994.483206	0.125	15.042	15.021	15.063	20.94767	B	m15_data/M15-4_20200525_113549_d181_Nickel_B_c.fit
58994.482118	0.04167	15.033	15.013	15.053	20.26892	B	m15_data/M15-4_20200525_113415_d180_Nickel_B_c.fit
58994.481435	0.01389	15.092	15.069	15.115	19.22446	B	m15_data/M15-4_20200525_113316_d179_Nickel_B_c.fit
58990.498657	0.125	14.147	14.134	14.16	19.5466	V	m15_data/M15-4_20200521_115804_d208_Nickel_V_c.fit
58990.497593	0.04167	14.113	14.1	14.126	19.22893	V	m15_data/M15-4_20200521_115632_d207_Nickel_V_c.fit
58990.496968	0.01389	14.13	14.114	14.146	18.64812	V	m15_data/M15-4_20200521_115538_d206_Nickel_V_c.fit
58805.193322	0.125	14.148	14.136	14.16	20.07445	V	m15_data/M15-4_20191118_043823_d169_Nickel_V_c.fit
58805.192118	0.04167	14.14	14.126	14.154	19.53151	V	m15_data/M15-4_20191118_043639_d168_Nickel_V_c.fit
58805.191412	0.01389	14.124	14.109	14.139	18.85622	V	m15_data/M15-4_20191118_043538_d167_Nickel_V_c.fit
58805.103056	0.125	14.131	14.116	14.146	20.72919	V	m15_data/M15-4_20191118_022824_d141_Nickel_V_c.fit
58805.101377	0.04167	14.106	14.093	14.119	20.23526	V	m15_data/M15-4_20191118_022559_d140_Nickel_V_c.fit
58805.100694	0.01389	14.083	14.068	14.098	19.38263	V	m15_data/M15-4_20191118_022500_d139_Nickel_V_c.fit
58792.166412	0.125	12.752	12.727	12.777	20.12269	I	m15_data/M15-4_20191105_035938_d160_Nickel_I_c.fit
58792.144514	0.125	14.056	14.039	14.073	20.88499	V	m15_data/M15-4_20191105_032806_d155_Nickel_V_c.fit
58792.143345	0.04167	14.058	14.044	14.072	20.16993	V	m15_data/M15-4_20191105_032625_d154_Nickel_V_c.fit
58789.29081	0.125	14.114	14.098	14.13	20.18399	V	m15_data/M15-4_20191102_065846_d176_Nickel_V_c.fit
58789.289676	0.04167	14.107	14.091	14.123	19.63601	V	m15_data/M15-4_20191102_065708_d175_Nickel_V_c.fit
58789.289016	0.01389	14.116	14.099	14.133	18.96985	V	m15_data/M15-4_20191102_065611_d174_Nickel_V_c.fit
58789.194468	0.125	14.11	14.095	14.125	20.68856	V	m15_data/M15-4_20191102_044002_d156_Nickel_V_c.fit
58789.193229	0.04167	14.096	14.082	14.11	20.12887	V	m15_data/M15-4_20191102_043815_d155_Nickel_V_c.fit
58789.192106	0.01389	14.094	14.073	14.115	19.66128	V	m15_data/M15-4_20191102_043638_d154_Nickel_V_c.fit
58788.17235	0.125	14.154	14.141	14.167	20.30906	V	m15_data/M15-4_20191101_040811_d163_Nickel_V_c.fit
58788.171273	0.04167	14.141	14.127	14.155	19.82119	V	m15_data/M15-4_20191101_040638_d162_Nickel_V_c.fit
58788.170637	0.01389	14.12	14.105	14.135	19.18719	V	m15_data/M15-4_20191101_040543_d161_Nickel_V_c.fit
58779.257627	0.08333	14.155	14.141	14.169	20.13856	V	m15_data/M15-4_20191023_061059_d146_Nickel_V_c.fit
58779.256262	0.04167	14.165	14.152	14.178	19.7319	V	m15_data/M15-4_20191023_060901_d145_Nickel_V_c.fit
58779.255521	0.01389	14.149	14.132	14.166	18.91416	V	m15_data/M15-4_20191023_060757_d144_Nickel_V_c.fit
58775.277141	0.125	14.126	14.112	14.14	20.3742	V	m15_data/M15-4_20191019_063905_d151_Nickel_V_c.fit
58775.275637	0.04167	14.13	14.116	14.144	19.7763	V	m15_data/M15-4_20191019_063655_d150_Nickel_V_c.fit
58775.274583	0.01389	14.108	14.093	14.123	18.91127	V	m15_data/M15-4_20191019_063524_d149_Nickel_V_c.fit
58769.355752	0.125	14.092	14.079	14.105	19.39507	V	m15_data/M15-4_20191013_083217_d312_Nickel_V_c.fit
58769.354491	0.04167	14.079	14.066	14.092	18.81211	V	m15_data/M15-4_20191013_083028_d311_Nickel_V_c.fit
58769.353704	0.01389	14.055	14.043	14.067	18.28508	V	m15_data/M15-4_20191013_082920_d310_Nickel_V_c.fit
58768.317685	0.125	14.112	14.097	14.127	19.46443	V	m15_data/M15-4_20191012_073728_d187_Nickel_V_c.fit
58768.31647	0.04167	14.099	14.083	14.115	19.03594	V	m15_data/M15-4_20191012_073543_d186_Nickel_V_c.fit
58768.315498	0.01389	14.103	14.082	14.124	18.31238	V	m15_data/M15-4_20191012_073419_d185_Nickel_V_c.fit
58763.236493	0.125	14.107	14.058	14.156	16.14714	V	m15_data/M15-4_20191007_054033_d148_Nickel_V_c.fit
58759.22794	0.125	14.171	14.154	14.188	20.47623	V	m15_data/M15-4_20191003_052814_d148_Nickel_V_c.fit
58759.226505	0.04167	14.156	14.138	14.174	20.14061	V	m15_data/M15-4_20191003_052610_d147_Nickel_V_c.fit
58759.224919	0.01389	14.107	14.09	14.124	19.33376	V	m15_data/M15-4_20191003_052353_d146_Nickel_V_c.fit
58751.227743	0.125	14.076	14.06	14.092	21.04291	V	m15_data/M15-4_20190925_052757_d156_Nickel_V_c.fit
58751.226586	0.04167	14.13	14.115	14.145	20.31807	V	m15_data/M15-4_20190925_052617_d155_Nickel_V_c.fit
58751.225683	0.01389	14.076	14.058	14.094	19.65828	V	m15_data/M15-4_20190925_052459_d154_Nickel_V_c.fit
58746.388935	0.125	14.197	14.179	14.215	19.04016	V	m15_data/M15-4_20190920_092004_d139_Nickel_V_c.fit
58746.387836	0.04167	14.18	14.16	14.2	18.15541	V	m15_data/M15-4_20190920_091829_d138_Nickel_V_c.fit
58746.387153	0.01389	14.168	14.144	14.192	16.96726	V	m15_data/M15-4_20190920_091730_d137_Nickel_V_c.fit
58738.264363	0.125	14.127	14.114	14.14	19.90391	V	m15_data/M15-4_20190912_062041_d168_Nickel_V_c.fit
58738.263264	0.04167	14.114	14.099	14.129	19.23223	V	m15_data/M15-4_20190912_061906_d167_Nickel_V_c.fit
58738.26265	0.01389	14.137	14.121	14.153	18.7072	V	m15_data/M15-4_20190912_061813_d166_Nickel_V_c.fit
58735.312396	0.125	14.209	14.195	14.223	19.86293	V	m15_data/M15-4_20190909_072951_d164_Nickel_V_c.fit
58735.311227	0.04167	14.193	14.177	14.209	19.42057	V	m15_data/M15-4_20190909_072810_d163_Nickel_V_c.fit
58735.309977	0.01389	14.391	14.365	14.417	18.23516	V	m15_data/M15-4_20190909_072622_d162_Nickel_V_c.fit
58731.376412	0.125	14.109	14.095	14.123	20.77952	V	m15_data/M15-4_20190905_090202_d196_Nickel_V_c.fit
58731.375301	0.04167	14.105	14.092	14.118	20.25405	V	m15_data/M15-4_20190905_090026_d195_Nickel_V_c.fit
58731.374572	0.01389	14.103	14.087	14.119	19.49208	V	m15_data/M15-4_20190905_085923_d194_Nickel_V_c.fit
58731.196331	0.01389	14.084	14.066	14.102	19.49225	V	m15_data/M15-4_20190905_044243_d139_Nickel_V_c.fit
58731.194769	0.04167	14.137	14.121	14.153	20.07098	V	m15_data/M15-4_20190905_044028_d138_Nickel_V_c.fit
58731.191366	0.125	14.07	14.053	14.087	20.8011	V	m15_data/M15-4_20190905_043534_d137_Nickel_V_c.fit
58728.194456	0.08333	14.124	14.111	14.137	20.47673	V	m15_data/M15-4_20190902_044001_d164_Nickel_V_c.fit
58728.19338	0.04167	14.129	14.115	14.143	20.21895	V	m15_data/M15-4_20190902_043828_d163_Nickel_V_c.fit
58728.192708	0.01389	14.125	14.107	14.143	19.36578	V	m15_data/M15-4_20190902_043730_d162_Nickel_V_c.fit
58724.255579	0.125	14.189	14.173	14.205	20.40358	V	m15_data/M15-4_20190829_060802_d165_Nickel_V_c.fit
58724.254491	0.04167	14.188	14.173	14.203	19.84898	V	m15_data/M15-4_20190829_060628_d164_Nickel_V_c.fit
58724.253866	0.01389	14.169	14.153	14.185	19.13839	V	m15_data/M15-4_20190829_060534_d163_Nickel_V_c.fit
58721.317847	0.125	14.183	14.166	14.2	20.57315	V	m15_data/M15-4_20190826_073742_d158_Nickel_V_c.fit
58721.316354	0.04167	14.157	14.14	14.174	20.0935	V	m15_data/M15-4_20190826_073533_d157_Nickel_V_c.fit
58721.315694	0.01389	14.178	14.158	14.198	19.42548	V	m15_data/M15-4_20190826_073436_d156_Nickel_V_c.fit
58713.345579	0.125	14.44	14.42	14.46	19.50465	V	m15_data/M15-4_20190818_081738_d160_Nickel_V_c.fit
58713.34412	0.04167	14.315	14.299	14.331	19.11164	V	m15_data/M15-4_20190818_081532_d159_Nickel_V_c.fit
58713.343032	0.01389	14.48	14.459	14.501	18.09191	V	m15_data/M15-4_20190818_081358_d158_Nickel_V_c.fit
58708.306586	0.125	14.197	14.18	14.214	19.74789	V	m15_data/M15-4_20190813_072129_d169_Nickel_V_c.fit
58708.305127	0.04167	14.187	14.168	14.206	19.27453	V	m15_data/M15-4_20190813_071923_d168_Nickel_V_c.fit
58708.304236	0.01389	14.184	14.164	14.204	18.53474	V	m15_data/M15-4_20190813_071806_d167_Nickel_V_c.fit
58697.349352	0.125	14.468	14.447	14.489	19.71682	V	m15_data/M15-4_20190802_082304_d168_Nickel_V_c.fit
58697.346528	0.04167	14.397	14.381	14.413	19.14187	V	m15_data/M15-4_20190802_081900_d167_Nickel_V_c.fit
58697.345764	0.01389	14.429	14.402	14.456	18.42646	V	m15_data/M15-4_20190802_081754_d166_Nickel_V_c.fit
58694.371076	0.125	14.204	14.189	14.219	20.42682	V	m15_data/M15-4_20190730_085421_d148_Nickel_V_c.fit
58694.369954	0.04167	14.225	14.208	14.242	19.79922	V	m15_data/M15-4_20190730_085244_d147_Nickel_V_c.fit
58694.369213	0.01389	14.201	14.184	14.218	19.05352	V	m15_data/M15-4_20190730_085140_d146_Nickel_V_c.fit
58690.329896	0.125	14.176	14.159	14.193	20.60552	V	m15_data/M15-4_20190726_075503_d175_Nickel_V_c.fit
58690.328738	0.04167	14.182	14.167	14.197	20.07861	V	m15_data/M15-4_20190726_075323_d174_Nickel_V_c.fit
58690.328044	0.01389	14.156	14.137	14.175	19.26909	V	m15_data/M15-4_20190726_075223_d173_Nickel_V_c.fit
58683.328646	0.125	14.13	14.116	14.144	20.06298	V	m15_data/M15-4_20190719_075315_d152_Nickel_V_c.fit
58683.327512	0.04167	14.13	14.115	14.145	19.43516	V	m15_data/M15-4_20190719_075137_d151_Nickel_V_c.fit
58683.326725	0.01389	14.12	14.106	14.134	18.80307	V	m15_data/M15-4_20190719_075029_d150_Nickel_V_c.fit
58676.385498	0.125	14.119	14.103	14.135	20.74891	V	m15_data/M15-4_20190712_091507_d170_Nickel_V_c.fit
58676.383681	0.04167	14.108	14.09	14.126	20.31495	V	m15_data/M15-4_20190712_091230_d169_Nickel_V_c.fit
58676.38287	0.01389	14.12	14.104	14.136	19.54134	V	m15_data/M15-4_20190712_091120_d168_Nickel_V_c.fit
58672.486215	0.125	14.139	14.125	14.153	20.45711	V	m15_data/M15-4_20190708_114009_d219_Nickel_V_c.fit
58672.484792	0.04167	14.153	14.14	14.166	19.85616	V	m15_data/M15-4_20190708_113806_d218_Nickel_V_c.fit
58672.48397	0.01389	14.132	14.117	14.147	19.17647	V	m15_data/M15-4_20190708_113655_d217_Nickel_V_c.fit
58672.303356	0.125	14.529	14.506	14.552	19.50401	V	m15_data/M15-4_20190708_071650_d170_Nickel_V_c.fit
58672.301991	0.04167	14.547	14.524	14.57	18.8214	V	m15_data/M15-4_20190708_071452_d169_Nickel_V_c.fit
58672.301123	0.01389	14.428	14.406	14.45	18.11925	V	m15_data/M15-4_20190708_071337_d168_Nickel_V_c.fit
58664.413507	0.125	14.22	14.204	14.236	19.4323	V	m15_data/M15-4_20190630_095527_d197_Nickel_V_c.fit
58664.412431	0.04167	14.208	14.189	14.227	19.13956	V	m15_data/M15-4_20190630_095354_d196_Nickel_V_c.fit
58664.411806	0.01389	14.178	14.142	14.214	16.42272	V	m15_data/M15-4_20190630_095300_d195_Nickel_V_c.fit
58658.400116	0.125	14.164	14.147	14.181	20.47187	V	m15_data/M15-4_20190624_093610_d139_Nickel_V_c.fit
58658.398588	0.04167	14.16	14.144	14.176	19.91786	V	m15_data/M15-4_20190624_093358_d138_Nickel_V_c.fit
58653.413032	0.125	14.094	14.08	14.108	20.45419	V	m15_data/M15-4_20190619_095446_d181_Nickel_V_c.fit
58653.411863	0.04167	14.079	14.067	14.091	19.98959	V	m15_data/M15-4_20190619_095305_d180_Nickel_V_c.fit
58653.411088	0.01389	14.095	14.078	14.112	19.21673	V	m15_data/M15-4_20190619_095158_d179_Nickel_V_c.fit
