;; MJD	etburst	mag	-emag	+emag	limmag	filter	imagename
59039.41963	0.125	14.293	14.257	14.329	20.24851	V	m15_data/M15-4_20200709_100416_d179_Nickel_V_c.fit
59039.41853	0.04167	14.165	14.139	14.191	19.6235	V	m15_data/M15-4_20200709_100241_d178_Nickel_V_c.fit
59039.417789	0.01389	14.153	14.124	14.182	19.0253	V	m15_data/M15-4_20200709_100137_d177_Nickel_V_c.fit
59030.467917	0.04167	15.247	15.198	15.296	20.35221	B	m15_data/M15-4_20200630_111348_d194_Nickel_B_c.fit
59030.465266	0.125	14.105	14.074	14.136	20.97915	V	m15_data/M15-4_20200630_110959_d193_Nickel_V_c.fit
59030.463958	0.04167	14.11	14.079	14.141	20.25547	V	m15_data/M15-4_20200630_110806_d192_Nickel_V_c.fit
59030.463079	0.01389	14.105	14.072	14.138	19.32473	V	m15_data/M15-4_20200630_110650_d191_Nickel_V_c.fit
59026.471366	0.125	14.189	14.137	14.241	20.60468	V	m15_data/M15-4_20200626_111846_d163_Nickel_V_c.fit
59026.469861	0.04167	14.156	14.084	14.228	19.94214	V	m15_data/M15-4_20200626_111636_d162_Nickel_V_c.fit
59026.468808	0.01389	14.238	14.194	14.282	19.21803	V	m15_data/M15-4_20200626_111505_d161_Nickel_V_c.fit
59022.407407	0.125	12.976	12.944	13.008	20.40755	V	m15_data/M15-4_20200622_094640_d142_Nickel_V_c.fit
59022.406146	0.04167	14.179	14.108	14.25	19.99621	V	m15_data/M15-4_20200622_094451_d141_Nickel_V_c.fit
59022.405336	0.01389	14.201	14.138	14.264	19.20744	V	m15_data/M15-4_20200622_094341_d140_Nickel_V_c.fit
59018.45022	0.125	12.979	12.95	13.008	20.33533	V	m15_data/M15-4_20200618_104819_d203_Nickel_V_c.fit
58994.489965	0.04167	13.479	13.451	13.507	20.15245	R	m15_data/M15-4_20200525_114533_d185_Nickel_R_c.fit
58994.487488	0.125	14.091	14.061	14.121	20.63595	V	m15_data/M15-4_20200525_114159_d184_Nickel_V_c.fit
58994.4864	0.04167	14.045	14.012	14.078	20.36332	V	m15_data/M15-4_20200525_114025_d183_Nickel_V_c.fit
58994.485775	0.01389	14.099	14.072	14.126	19.33758	V	m15_data/M15-4_20200525_113931_d182_Nickel_V_c.fit
58994.483206	0.125	15.09	15.041	15.139	20.94767	B	m15_data/M15-4_20200525_113549_d181_Nickel_B_c.fit
58994.482118	0.04167	15.119	15.071	15.167	20.26892	B	m15_data/M15-4_20200525_113415_d180_Nickel_B_c.fit
58994.481435	0.01389	15.136	15.1	15.172	19.22446	B	m15_data/M15-4_20200525_113316_d179_Nickel_B_c.fit
58805.193322	0.125	12.983	12.956	13.01	20.07445	V	m15_data/M15-4_20191118_043823_d169_Nickel_V_c.fit
58805.192118	0.04167	12.996	12.97	13.022	19.53151	V	m15_data/M15-4_20191118_043639_d168_Nickel_V_c.fit
58805.103056	0.125	14.168	14.115	14.221	20.72919	V	m15_data/M15-4_20191118_022824_d141_Nickel_V_c.fit
58805.101377	0.04167	14.193	14.152	14.234	20.23526	V	m15_data/M15-4_20191118_022559_d140_Nickel_V_c.fit
58805.100694	0.01389	14.213	14.151	14.275	19.38263	V	m15_data/M15-4_20191118_022500_d139_Nickel_V_c.fit
58792.166412	0.125	13.4	13.329	13.471	20.12269	I	m15_data/M15-4_20191105_035938_d160_Nickel_I_c.fit
58792.144514	0.125	14.111	14.077	14.145	20.88499	V	m15_data/M15-4_20191105_032806_d155_Nickel_V_c.fit
58792.143345	0.04167	14.112	14.081	14.143	20.16993	V	m15_data/M15-4_20191105_032625_d154_Nickel_V_c.fit
58789.29081	0.125	14.2	14.151	14.249	20.18399	V	m15_data/M15-4_20191102_065846_d176_Nickel_V_c.fit
58789.289676	0.04167	14.186	14.143	14.229	19.63601	V	m15_data/M15-4_20191102_065708_d175_Nickel_V_c.fit
58789.289016	0.01389	14.222	14.191	14.253	18.96985	V	m15_data/M15-4_20191102_065611_d174_Nickel_V_c.fit
58789.194468	0.125	14.201	14.166	14.236	20.68856	V	m15_data/M15-4_20191102_044002_d156_Nickel_V_c.fit
58789.193229	0.04167	14.212	14.179	14.245	20.12887	V	m15_data/M15-4_20191102_043815_d155_Nickel_V_c.fit
58789.192106	0.01389	14.136	14.106	14.166	19.66128	V	m15_data/M15-4_20191102_043638_d154_Nickel_V_c.fit
58788.17235	0.125	13.145	13.059	13.231	20.30906	V	m15_data/M15-4_20191101_040811_d163_Nickel_V_c.fit
58788.171273	0.04167	14.198	14.127	14.269	19.82119	V	m15_data/M15-4_20191101_040638_d162_Nickel_V_c.fit
58788.170637	0.01389	14.196	14.14	14.252	19.18719	V	m15_data/M15-4_20191101_040543_d161_Nickel_V_c.fit
58779.257627	0.08333	14.116	14.035	14.197	20.13856	V	m15_data/M15-4_20191023_061059_d146_Nickel_V_c.fit
58779.256262	0.04167	12.923	12.876	12.97	19.7319	V	m15_data/M15-4_20191023_060901_d145_Nickel_V_c.fit
58779.255521	0.01389	12.993	12.967	13.019	18.91416	V	m15_data/M15-4_20191023_060757_d144_Nickel_V_c.fit
58775.277141	0.125	14.216	14.177	14.255	20.3742	V	m15_data/M15-4_20191019_063905_d151_Nickel_V_c.fit
58775.275637	0.04167	14.125	14.056	14.194	19.7763	V	m15_data/M15-4_20191019_063655_d150_Nickel_V_c.fit
58775.274583	0.01389	14.188	14.108	14.268	18.91127	V	m15_data/M15-4_20191019_063524_d149_Nickel_V_c.fit
58769.355752	0.125	14.088	14.06	14.116	19.39507	V	m15_data/M15-4_20191013_083217_d312_Nickel_V_c.fit
58769.354491	0.04167	14.145	14.107	14.183	18.81211	V	m15_data/M15-4_20191013_083028_d311_Nickel_V_c.fit
58769.353704	0.01389	14.07	14.03	14.11	18.28778	V	m15_data/M15-4_20191013_082920_d310_Nickel_V_c.fit
58763.236493	0.125	12.984	12.935	13.033	16.15134	V	m15_data/M15-4_20191007_054033_d148_Nickel_V_c.fit
58759.22794	0.125	14.309	14.256	14.362	20.47623	V	m15_data/M15-4_20191003_052814_d148_Nickel_V_c.fit
58759.226505	0.04167	14.282	14.246	14.318	20.14061	V	m15_data/M15-4_20191003_052610_d147_Nickel_V_c.fit
58759.224919	0.01389	14.205	14.172	14.238	19.33376	V	m15_data/M15-4_20191003_052353_d146_Nickel_V_c.fit
58751.227743	0.125	14.133	14.102	14.164	21.04291	V	m15_data/M15-4_20190925_052757_d156_Nickel_V_c.fit
58751.226586	0.04167	14.223	14.189	14.257	20.31807	V	m15_data/M15-4_20190925_052617_d155_Nickel_V_c.fit
58751.225683	0.01389	14.082	14.056	14.108	19.65828	V	m15_data/M15-4_20190925_052459_d154_Nickel_V_c.fit
58738.264363	0.125	14.226	14.187	14.265	19.90391	V	m15_data/M15-4_20190912_062041_d168_Nickel_V_c.fit
58738.263264	0.04167	14.183	14.133	14.233	19.23223	V	m15_data/M15-4_20190912_061906_d167_Nickel_V_c.fit
58738.26265	0.01389	14.203	14.162	14.244	18.7072	V	m15_data/M15-4_20190912_061813_d166_Nickel_V_c.fit
58735.311227	0.04167	14.424	14.304	14.544	19.42057	V	m15_data/M15-4_20190909_072810_d163_Nickel_V_c.fit
58735.309977	0.01389	12.719	12.669	12.769	18.23516	V	m15_data/M15-4_20190909_072622_d162_Nickel_V_c.fit
58731.376412	0.125	14.058	14.028	14.088	20.77952	V	m15_data/M15-4_20190905_090202_d196_Nickel_V_c.fit
58731.375301	0.04167	14.08	14.054	14.106	20.25405	V	m15_data/M15-4_20190905_090026_d195_Nickel_V_c.fit
58731.374572	0.01389	14.047	14.017	14.077	19.49208	V	m15_data/M15-4_20190905_085923_d194_Nickel_V_c.fit
58731.196331	0.01389	14.136	14.105	14.167	19.49225	V	m15_data/M15-4_20190905_044243_d139_Nickel_V_c.fit
58731.194769	0.04167	14.272	14.237	14.307	20.07098	V	m15_data/M15-4_20190905_044028_d138_Nickel_V_c.fit
58731.191366	0.125	14.155	14.122	14.188	20.8011	V	m15_data/M15-4_20190905_043534_d137_Nickel_V_c.fit
58728.194456	0.08333	14.133	14.086	14.18	20.47673	V	m15_data/M15-4_20190902_044001_d164_Nickel_V_c.fit
58728.19338	0.04167	14.145	14.113	14.177	20.21895	V	m15_data/M15-4_20190902_043828_d163_Nickel_V_c.fit
58728.192708	0.01389	14.121	14.077	14.165	19.36578	V	m15_data/M15-4_20190902_043730_d162_Nickel_V_c.fit
58721.317847	0.125	14.169	14.122	14.216	20.57315	V	m15_data/M15-4_20190826_073742_d158_Nickel_V_c.fit
58713.345579	0.125	12.792	12.752	12.832	19.50465	V	m15_data/M15-4_20190818_081738_d160_Nickel_V_c.fit
58708.306586	0.125	12.97	12.923	13.017	19.74789	V	m15_data/M15-4_20190813_072129_d169_Nickel_V_c.fit
58708.305127	0.04167	14.848	14.666	15.03	19.27453	V	m15_data/M15-4_20190813_071923_d168_Nickel_V_c.fit
58708.304236	0.01389	13.132	13.087	13.177	18.53474	V	m15_data/M15-4_20190813_071806_d167_Nickel_V_c.fit
58697.345764	0.01389	12.72	12.681	12.759	18.42646	V	m15_data/M15-4_20190802_081754_d166_Nickel_V_c.fit
58694.371076	0.125	14.682	14.588	14.776	20.42682	V	m15_data/M15-4_20190730_085421_d148_Nickel_V_c.fit
58694.369954	0.04167	13.0	12.964	13.036	19.79922	V	m15_data/M15-4_20190730_085244_d147_Nickel_V_c.fit
58694.369213	0.01389	14.239	14.146	14.332	19.05352	V	m15_data/M15-4_20190730_085140_d146_Nickel_V_c.fit
58690.329896	0.125	14.301	14.253	14.349	20.60552	V	m15_data/M15-4_20190726_075503_d175_Nickel_V_c.fit
58690.328738	0.04167	14.264	14.197	14.331	20.07861	V	m15_data/M15-4_20190726_075323_d174_Nickel_V_c.fit
58690.328044	0.01389	14.191	14.126	14.256	19.26909	V	m15_data/M15-4_20190726_075223_d173_Nickel_V_c.fit
58683.328646	0.125	14.166	14.105	14.227	20.06298	V	m15_data/M15-4_20190719_075315_d152_Nickel_V_c.fit
58683.327512	0.04167	14.148	14.081	14.215	19.43516	V	m15_data/M15-4_20190719_075137_d151_Nickel_V_c.fit
58683.326725	0.01389	14.165	14.117	14.213	18.80307	V	m15_data/M15-4_20190719_075029_d150_Nickel_V_c.fit
58676.385498	0.125	14.191	14.163	14.219	20.74891	V	m15_data/M15-4_20190712_091507_d170_Nickel_V_c.fit
58676.383681	0.04167	14.18	14.152	14.208	20.31495	V	m15_data/M15-4_20190712_091230_d169_Nickel_V_c.fit
58676.38287	0.01389	14.17	14.135	14.205	19.54134	V	m15_data/M15-4_20190712_091120_d168_Nickel_V_c.fit
58672.486215	0.125	14.355	14.258	14.452	20.45711	V	m15_data/M15-4_20190708_114009_d219_Nickel_V_c.fit
58672.484792	0.04167	12.997	12.969	13.025	19.85616	V	m15_data/M15-4_20190708_113806_d218_Nickel_V_c.fit
58672.48397	0.01389	14.536	14.471	14.601	19.17647	V	m15_data/M15-4_20190708_113655_d217_Nickel_V_c.fit
58672.303356	0.125	12.67	12.642	12.698	19.50401	V	m15_data/M15-4_20190708_071650_d170_Nickel_V_c.fit
58672.301991	0.04167	12.676	12.652	12.7	18.8214	V	m15_data/M15-4_20190708_071452_d169_Nickel_V_c.fit
58658.400116	0.125	14.28	14.241	14.319	20.47187	V	m15_data/M15-4_20190624_093610_d139_Nickel_V_c.fit
58658.398588	0.04167	14.298	14.262	14.334	19.91786	V	m15_data/M15-4_20190624_093358_d138_Nickel_V_c.fit
58653.413032	0.125	14.114	14.081	14.147	20.45419	V	m15_data/M15-4_20190619_095446_d181_Nickel_V_c.fit
58653.411863	0.04167	14.111	14.082	14.14	19.98959	V	m15_data/M15-4_20190619_095305_d180_Nickel_V_c.fit
58653.411088	0.01389	14.081	14.029	14.133	19.21673	V	m15_data/M15-4_20190619_095158_d179_Nickel_V_c.fit
