;; MJD	etburst	mag	-emag	+emag	limmag	filter	imagename
59039.41963	0.125	15.971	15.949	15.993	20.24851	V	m15_data/M15-4_20200709_100416_d179_Nickel_V_c.fit
59039.41853	0.04167	15.956	15.933	15.979	19.6235	V	m15_data/M15-4_20200709_100241_d178_Nickel_V_c.fit
59039.417789	0.01389	15.868	15.845	15.891	19.0253	V	m15_data/M15-4_20200709_100137_d177_Nickel_V_c.fit
59030.467917	0.04167	15.997	15.978	16.016	20.35221	B	m15_data/M15-4_20200630_111348_d194_Nickel_B_c.fit
59030.465266	0.125	15.699	15.678	15.72	20.97915	V	m15_data/M15-4_20200630_110959_d193_Nickel_V_c.fit
59030.463958	0.04167	15.696	15.673	15.719	20.25547	V	m15_data/M15-4_20200630_110806_d192_Nickel_V_c.fit
59030.463079	0.01389	15.786	15.757	15.815	19.32473	V	m15_data/M15-4_20200630_110650_d191_Nickel_V_c.fit
59026.471366	0.125	15.682	15.658	15.706	20.60468	V	m15_data/M15-4_20200626_111846_d163_Nickel_V_c.fit
59026.469861	0.04167	15.674	15.641	15.707	19.94214	V	m15_data/M15-4_20200626_111636_d162_Nickel_V_c.fit
59026.468808	0.01389	15.744	15.717	15.771	19.21803	V	m15_data/M15-4_20200626_111505_d161_Nickel_V_c.fit
59022.407407	0.125	15.81	15.753	15.867	20.40755	V	m15_data/M15-4_20200622_094640_d142_Nickel_V_c.fit
59022.406146	0.04167	15.661	15.628	15.694	19.99621	V	m15_data/M15-4_20200622_094451_d141_Nickel_V_c.fit
59022.405336	0.01389	16.72	16.579	16.861	19.20744	V	m15_data/M15-4_20200622_094341_d140_Nickel_V_c.fit
59018.45022	0.125	17.079	16.899	17.259	20.33533	V	m15_data/M15-4_20200618_104819_d203_Nickel_V_c.fit
59018.448889	0.04167	16.37	16.294	16.446	19.79375	V	m15_data/M15-4_20200618_104624_d202_Nickel_V_c.fit
59018.447303	0.01389	16.325	16.242	16.408	18.87493	V	m15_data/M15-4_20200618_104407_d201_Nickel_V_c.fit
58994.489965	0.04167	15.47	15.451	15.489	20.15245	R	m15_data/M15-4_20200525_114533_d185_Nickel_R_c.fit
58994.487488	0.125	15.613	15.596	15.63	20.63595	V	m15_data/M15-4_20200525_114159_d184_Nickel_V_c.fit
58994.4864	0.04167	15.608	15.59	15.626	20.36332	V	m15_data/M15-4_20200525_114025_d183_Nickel_V_c.fit
58994.485775	0.01389	15.613	15.591	15.635	19.33758	V	m15_data/M15-4_20200525_113931_d182_Nickel_V_c.fit
58994.483206	0.125	15.852	15.837	15.867	20.94767	B	m15_data/M15-4_20200525_113549_d181_Nickel_B_c.fit
58994.482118	0.04167	15.849	15.83	15.868	20.26892	B	m15_data/M15-4_20200525_113415_d180_Nickel_B_c.fit
58994.481435	0.01389	15.894	15.869	15.919	19.22446	B	m15_data/M15-4_20200525_113316_d179_Nickel_B_c.fit
58805.193322	0.125	15.88	15.825	15.935	20.07445	V	m15_data/M15-4_20191118_043823_d169_Nickel_V_c.fit
58805.192118	0.04167	15.876	15.816	15.936	19.53151	V	m15_data/M15-4_20191118_043639_d168_Nickel_V_c.fit
58805.191412	0.01389	16.641	16.496	16.786	18.85622	V	m15_data/M15-4_20191118_043538_d167_Nickel_V_c.fit
58805.103056	0.125	16.003	15.958	16.048	20.72919	V	m15_data/M15-4_20191118_022824_d141_Nickel_V_c.fit
58805.101377	0.04167	16.056	16.016	16.096	20.23526	V	m15_data/M15-4_20191118_022559_d140_Nickel_V_c.fit
58805.100694	0.01389	16.022	15.968	16.076	19.38263	V	m15_data/M15-4_20191118_022500_d139_Nickel_V_c.fit
58792.166412	0.125	15.506	15.476	15.536	20.12269	I	m15_data/M15-4_20191105_035938_d160_Nickel_I_c.fit
58792.144514	0.125	16.136	16.108	16.164	20.88499	V	m15_data/M15-4_20191105_032806_d155_Nickel_V_c.fit
58792.143345	0.04167	16.177	16.142	16.212	20.16993	V	m15_data/M15-4_20191105_032625_d154_Nickel_V_c.fit
58789.29081	0.125	16.079	16.045	16.113	20.18399	V	m15_data/M15-4_20191102_065846_d176_Nickel_V_c.fit
58789.289676	0.04167	16.055	16.021	16.089	19.63601	V	m15_data/M15-4_20191102_065708_d175_Nickel_V_c.fit
58789.289016	0.01389	16.067	16.034	16.1	18.96985	V	m15_data/M15-4_20191102_065611_d174_Nickel_V_c.fit
58789.194468	0.125	16.278	16.241	16.315	20.68856	V	m15_data/M15-4_20191102_044002_d156_Nickel_V_c.fit
58789.193229	0.04167	16.176	16.148	16.204	20.12887	V	m15_data/M15-4_20191102_043815_d155_Nickel_V_c.fit
58789.192106	0.01389	16.189	16.154	16.224	19.66128	V	m15_data/M15-4_20191102_043638_d154_Nickel_V_c.fit
58788.17235	0.125	16.148	16.092	16.204	20.30906	V	m15_data/M15-4_20191101_040811_d163_Nickel_V_c.fit
58788.171273	0.04167	16.164	16.117	16.211	19.82119	V	m15_data/M15-4_20191101_040638_d162_Nickel_V_c.fit
58788.170637	0.01389	16.202	16.158	16.246	19.18719	V	m15_data/M15-4_20191101_040543_d161_Nickel_V_c.fit
58779.257627	0.08333	16.164	16.107	16.221	20.13856	V	m15_data/M15-4_20191023_061059_d146_Nickel_V_c.fit
58779.256262	0.04167	15.289	15.271	15.307	19.7319	V	m15_data/M15-4_20191023_060901_d145_Nickel_V_c.fit
58779.255521	0.01389	15.818	15.757	15.879	18.91416	V	m15_data/M15-4_20191023_060757_d144_Nickel_V_c.fit
58775.277141	0.125	16.217	16.181	16.253	20.3742	V	m15_data/M15-4_20191019_063905_d151_Nickel_V_c.fit
58775.275637	0.04167	16.188	16.138	16.238	19.7763	V	m15_data/M15-4_20191019_063655_d150_Nickel_V_c.fit
58775.274583	0.01389	16.331	16.267	16.395	18.91127	V	m15_data/M15-4_20191019_063524_d149_Nickel_V_c.fit
58769.355752	0.125	16.15	16.115	16.185	19.39507	V	m15_data/M15-4_20191013_083217_d312_Nickel_V_c.fit
58769.354491	0.04167	16.114	16.073	16.155	18.81211	V	m15_data/M15-4_20191013_083028_d311_Nickel_V_c.fit
58769.353704	0.01389	16.138	16.082	16.194	18.28778	V	m15_data/M15-4_20191013_082920_d310_Nickel_V_c.fit
58763.236493	0.125	17.203	16.73	17.676	16.15134	V	m15_data/M15-4_20191007_054033_d148_Nickel_V_c.fit
58759.22794	0.125	15.688	15.661	15.715	20.47623	V	m15_data/M15-4_20191003_052814_d148_Nickel_V_c.fit
58759.226505	0.04167	15.69	15.67	15.71	20.14061	V	m15_data/M15-4_20191003_052610_d147_Nickel_V_c.fit
58759.224919	0.01389	15.674	15.65	15.698	19.33376	V	m15_data/M15-4_20191003_052353_d146_Nickel_V_c.fit
58751.227743	0.125	15.83	15.809	15.851	21.04291	V	m15_data/M15-4_20190925_052757_d156_Nickel_V_c.fit
58751.226586	0.04167	15.855	15.828	15.882	20.31807	V	m15_data/M15-4_20190925_052617_d155_Nickel_V_c.fit
58751.225683	0.01389	15.803	15.778	15.828	19.65828	V	m15_data/M15-4_20190925_052459_d154_Nickel_V_c.fit
58738.264363	0.125	15.679	15.656	15.702	19.90391	V	m15_data/M15-4_20190912_062041_d168_Nickel_V_c.fit
58738.263264	0.04167	15.683	15.652	15.714	19.23223	V	m15_data/M15-4_20190912_061906_d167_Nickel_V_c.fit
58738.26265	0.01389	15.671	15.642	15.7	18.7072	V	m15_data/M15-4_20190912_061813_d166_Nickel_V_c.fit
58735.312396	0.125	17.064	16.88	17.248	19.86293	V	m15_data/M15-4_20190909_072951_d164_Nickel_V_c.fit
58735.311227	0.04167	16.109	16.055	16.163	19.42057	V	m15_data/M15-4_20190909_072810_d163_Nickel_V_c.fit
58735.309977	0.01389	16.151	16.07	16.232	18.23516	V	m15_data/M15-4_20190909_072622_d162_Nickel_V_c.fit
58731.376412	0.125	15.805	15.777	15.833	20.77952	V	m15_data/M15-4_20190905_090202_d196_Nickel_V_c.fit
58731.375301	0.04167	15.784	15.756	15.812	20.25405	V	m15_data/M15-4_20190905_090026_d195_Nickel_V_c.fit
58731.374572	0.01389	15.79	15.758	15.822	19.49208	V	m15_data/M15-4_20190905_085923_d194_Nickel_V_c.fit
58731.196331	0.01389	16.165	16.137	16.193	19.49225	V	m15_data/M15-4_20190905_044243_d139_Nickel_V_c.fit
58731.194769	0.04167	16.155	16.125	16.185	20.07098	V	m15_data/M15-4_20190905_044028_d138_Nickel_V_c.fit
58731.191366	0.125	16.154	16.13	16.178	20.8011	V	m15_data/M15-4_20190905_043534_d137_Nickel_V_c.fit
58728.194456	0.08333	16.203	16.159	16.247	20.47673	V	m15_data/M15-4_20190902_044001_d164_Nickel_V_c.fit
58728.19338	0.04167	16.227	16.187	16.267	20.21895	V	m15_data/M15-4_20190902_043828_d163_Nickel_V_c.fit
58728.192708	0.01389	16.182	16.14	16.224	19.36578	V	m15_data/M15-4_20190902_043730_d162_Nickel_V_c.fit
58724.255579	0.125	15.827	15.799	15.855	20.40358	V	m15_data/M15-4_20190829_060802_d165_Nickel_V_c.fit
58724.254491	0.04167	15.901	15.868	15.934	19.84898	V	m15_data/M15-4_20190829_060628_d164_Nickel_V_c.fit
58724.253866	0.01389	15.81	15.776	15.844	19.13839	V	m15_data/M15-4_20190829_060534_d163_Nickel_V_c.fit
58721.317847	0.125	15.802	15.774	15.83	20.57315	V	m15_data/M15-4_20190826_073742_d158_Nickel_V_c.fit
58721.316354	0.04167	15.81	15.786	15.834	20.0935	V	m15_data/M15-4_20190826_073533_d157_Nickel_V_c.fit
58721.315694	0.01389	15.831	15.806	15.856	19.42548	V	m15_data/M15-4_20190826_073436_d156_Nickel_V_c.fit
58713.345579	0.125	16.196	16.125	16.267	19.50465	V	m15_data/M15-4_20190818_081738_d160_Nickel_V_c.fit
58713.34412	0.04167	16.161	16.084	16.238	19.11164	V	m15_data/M15-4_20190818_081532_d159_Nickel_V_c.fit
58708.306586	0.125	15.761	15.721	15.801	19.74789	V	m15_data/M15-4_20190813_072129_d169_Nickel_V_c.fit
58708.305127	0.04167	16.864	16.729	16.999	19.27453	V	m15_data/M15-4_20190813_071923_d168_Nickel_V_c.fit
58708.304236	0.01389	16.229	16.025	16.433	18.53474	V	m15_data/M15-4_20190813_071806_d167_Nickel_V_c.fit
58697.349352	0.125	16.745	16.606	16.884	19.71682	V	m15_data/M15-4_20190802_082304_d168_Nickel_V_c.fit
58697.346528	0.04167	16.122	16.072	16.172	19.14187	V	m15_data/M15-4_20190802_081900_d167_Nickel_V_c.fit
58697.345764	0.01389	16.537	16.405	16.669	18.42646	V	m15_data/M15-4_20190802_081754_d166_Nickel_V_c.fit
58694.371076	0.125	16.672	16.613	16.731	20.42682	V	m15_data/M15-4_20190730_085421_d148_Nickel_V_c.fit
58694.369213	0.01389	15.52	15.495	15.545	19.05352	V	m15_data/M15-4_20190730_085140_d146_Nickel_V_c.fit
58690.329896	0.125	16.264	16.226	16.302	20.60552	V	m15_data/M15-4_20190726_075503_d175_Nickel_V_c.fit
58690.328738	0.04167	16.282	16.231	16.333	20.07861	V	m15_data/M15-4_20190726_075323_d174_Nickel_V_c.fit
58690.328044	0.01389	16.273	16.216	16.33	19.26909	V	m15_data/M15-4_20190726_075223_d173_Nickel_V_c.fit
58683.328646	0.125	16.166	16.117	16.215	20.06298	V	m15_data/M15-4_20190719_075315_d152_Nickel_V_c.fit
58683.327512	0.04167	16.162	16.106	16.218	19.43516	V	m15_data/M15-4_20190719_075137_d151_Nickel_V_c.fit
58683.326725	0.01389	16.185	16.138	16.232	18.80307	V	m15_data/M15-4_20190719_075029_d150_Nickel_V_c.fit
58676.385498	0.125	16.228	16.2	16.256	20.74891	V	m15_data/M15-4_20190712_091507_d170_Nickel_V_c.fit
58676.383681	0.04167	16.169	16.145	16.193	20.31495	V	m15_data/M15-4_20190712_091230_d169_Nickel_V_c.fit
58676.38287	0.01389	16.164	16.136	16.192	19.54134	V	m15_data/M15-4_20190712_091120_d168_Nickel_V_c.fit
58658.400116	0.125	16.257	16.225	16.289	20.47187	V	m15_data/M15-4_20190624_093610_d139_Nickel_V_c.fit
58658.398588	0.04167	16.251	16.215	16.287	19.91786	V	m15_data/M15-4_20190624_093358_d138_Nickel_V_c.fit
58653.413032	0.125	15.691	15.662	15.72	20.45419	V	m15_data/M15-4_20190619_095446_d181_Nickel_V_c.fit
58653.411863	0.04167	15.672	15.645	15.699	19.98959	V	m15_data/M15-4_20190619_095305_d180_Nickel_V_c.fit
58653.411088	0.01389	15.628	15.591	15.665	19.21673	V	m15_data/M15-4_20190619_095158_d179_Nickel_V_c.fit
