;; MJD	etburst	mag	-emag	+emag	limmag	filter	imagename
59039.41963	0.125	15.804	15.794	15.814	20.24851	V	m15_data/M15-4_20200709_100416_d179_Nickel_V_c.fit
59039.41853	0.04167	15.797	15.782	15.812	19.6235	V	m15_data/M15-4_20200709_100241_d178_Nickel_V_c.fit
59039.417789	0.01389	15.793	15.774	15.812	19.0253	V	m15_data/M15-4_20200709_100137_d177_Nickel_V_c.fit
59030.467917	0.04167	16.203	16.189	16.217	20.35221	B	m15_data/M15-4_20200630_111348_d194_Nickel_B_c.fit
59030.465266	0.125	15.919	15.91	15.928	20.97915	V	m15_data/M15-4_20200630_110959_d193_Nickel_V_c.fit
59030.463958	0.04167	15.928	15.916	15.94	20.25547	V	m15_data/M15-4_20200630_110806_d192_Nickel_V_c.fit
59030.463079	0.01389	15.934	15.917	15.951	19.32473	V	m15_data/M15-4_20200630_110650_d191_Nickel_V_c.fit
59026.471366	0.125	15.629	15.618	15.64	20.60468	V	m15_data/M15-4_20200626_111846_d163_Nickel_V_c.fit
59026.469861	0.04167	15.63	15.615	15.645	19.94214	V	m15_data/M15-4_20200626_111636_d162_Nickel_V_c.fit
59026.468808	0.01389	15.618	15.604	15.632	19.21803	V	m15_data/M15-4_20200626_111505_d161_Nickel_V_c.fit
59022.407407	0.125	15.692	15.677	15.707	20.40755	V	m15_data/M15-4_20200622_094640_d142_Nickel_V_c.fit
59022.406146	0.04167	15.702	15.688	15.716	19.99621	V	m15_data/M15-4_20200622_094451_d141_Nickel_V_c.fit
59022.405336	0.01389	15.717	15.695	15.739	19.20744	V	m15_data/M15-4_20200622_094341_d140_Nickel_V_c.fit
59018.45022	0.125	15.719	15.705	15.733	20.33533	V	m15_data/M15-4_20200618_104819_d203_Nickel_V_c.fit
59018.448889	0.04167	15.74	15.724	15.756	19.79375	V	m15_data/M15-4_20200618_104624_d202_Nickel_V_c.fit
59018.447303	0.01389	15.721	15.698	15.744	18.87493	V	m15_data/M15-4_20200618_104407_d201_Nickel_V_c.fit
58994.489965	0.04167	15.484	15.477	15.491	20.15245	R	m15_data/M15-4_20200525_114533_d185_Nickel_R_c.fit
58994.487488	0.125	15.639	15.632	15.646	20.63595	V	m15_data/M15-4_20200525_114159_d184_Nickel_V_c.fit
58994.4864	0.04167	15.646	15.637	15.655	20.36332	V	m15_data/M15-4_20200525_114025_d183_Nickel_V_c.fit
58994.485775	0.01389	15.653	15.637	15.669	19.33758	V	m15_data/M15-4_20200525_113931_d182_Nickel_V_c.fit
58994.483206	0.125	15.913	15.904	15.922	20.94767	B	m15_data/M15-4_20200525_113549_d181_Nickel_B_c.fit
58994.482118	0.04167	15.911	15.9	15.922	20.26892	B	m15_data/M15-4_20200525_113415_d180_Nickel_B_c.fit
58994.481435	0.01389	15.916	15.896	15.936	19.22446	B	m15_data/M15-4_20200525_113316_d179_Nickel_B_c.fit
58990.498657	0.125	15.669	15.657	15.681	19.5466	V	m15_data/M15-4_20200521_115804_d208_Nickel_V_c.fit
58990.497593	0.04167	15.681	15.667	15.695	19.22893	V	m15_data/M15-4_20200521_115632_d207_Nickel_V_c.fit
58990.496968	0.01389	15.666	15.647	15.685	18.64812	V	m15_data/M15-4_20200521_115538_d206_Nickel_V_c.fit
58805.193322	0.125	15.677	15.664	15.69	20.07445	V	m15_data/M15-4_20191118_043823_d169_Nickel_V_c.fit
58805.192118	0.04167	15.658	15.642	15.674	19.53151	V	m15_data/M15-4_20191118_043639_d168_Nickel_V_c.fit
58805.191412	0.01389	15.694	15.671	15.717	18.85622	V	m15_data/M15-4_20191118_043538_d167_Nickel_V_c.fit
58805.103056	0.125	16.196	16.181	16.211	20.72919	V	m15_data/M15-4_20191118_022824_d141_Nickel_V_c.fit
58805.101377	0.04167	16.199	16.186	16.212	20.23526	V	m15_data/M15-4_20191118_022559_d140_Nickel_V_c.fit
58805.100694	0.01389	16.206	16.181	16.231	19.38263	V	m15_data/M15-4_20191118_022500_d139_Nickel_V_c.fit
58794.150116	0.125	15.727	15.719	15.735	20.37924	V	m15_data/M15-4_20191107_033610_d144_Nickel_V_c.fit
58794.148958	0.04167	15.739	15.729	15.749	19.96997	V	m15_data/M15-4_20191107_033430_d143_Nickel_V_c.fit
58794.147303	0.01389	15.697	15.682	15.712	19.44004	V	m15_data/M15-4_20191107_033207_d142_Nickel_V_c.fit
58792.166412	0.125	15.456	15.445	15.467	20.12269	I	m15_data/M15-4_20191105_035938_d160_Nickel_I_c.fit
58792.144514	0.125	16.079	16.071	16.087	20.88499	V	m15_data/M15-4_20191105_032806_d155_Nickel_V_c.fit
58792.143345	0.04167	16.073	16.059	16.087	20.16993	V	m15_data/M15-4_20191105_032625_d154_Nickel_V_c.fit
58789.29081	0.125	16.221	16.208	16.234	20.18399	V	m15_data/M15-4_20191102_065846_d176_Nickel_V_c.fit
58789.289676	0.04167	16.197	16.182	16.212	19.63601	V	m15_data/M15-4_20191102_065708_d175_Nickel_V_c.fit
58789.289016	0.01389	16.219	16.197	16.241	18.96985	V	m15_data/M15-4_20191102_065611_d174_Nickel_V_c.fit
58789.194468	0.125	16.099	16.089	16.109	20.68856	V	m15_data/M15-4_20191102_044002_d156_Nickel_V_c.fit
58789.193229	0.04167	16.087	16.075	16.099	20.12887	V	m15_data/M15-4_20191102_043815_d155_Nickel_V_c.fit
58789.192106	0.01389	16.06	16.042	16.078	19.66128	V	m15_data/M15-4_20191102_043638_d154_Nickel_V_c.fit
58788.17235	0.125	16.181	16.162	16.2	20.30906	V	m15_data/M15-4_20191101_040811_d163_Nickel_V_c.fit
58788.171273	0.04167	16.194	16.175	16.213	19.82119	V	m15_data/M15-4_20191101_040638_d162_Nickel_V_c.fit
58788.170637	0.01389	16.245	16.222	16.268	19.18719	V	m15_data/M15-4_20191101_040543_d161_Nickel_V_c.fit
58779.257627	0.08333	16.016	16.002	16.03	20.13856	V	m15_data/M15-4_20191023_061059_d146_Nickel_V_c.fit
58779.256262	0.04167	16.008	15.986	16.03	19.7319	V	m15_data/M15-4_20191023_060901_d145_Nickel_V_c.fit
58779.255521	0.01389	15.992	15.968	16.016	18.91416	V	m15_data/M15-4_20191023_060757_d144_Nickel_V_c.fit
58775.277141	0.125	16.191	16.179	16.203	20.3742	V	m15_data/M15-4_20191019_063905_d151_Nickel_V_c.fit
58775.275637	0.04167	16.195	16.18	16.21	19.7763	V	m15_data/M15-4_20191019_063655_d150_Nickel_V_c.fit
58775.274583	0.01389	16.174	16.148	16.2	18.91127	V	m15_data/M15-4_20191019_063524_d149_Nickel_V_c.fit
58769.355752	0.125	16.101	16.088	16.114	19.39507	V	m15_data/M15-4_20191013_083217_d312_Nickel_V_c.fit
58769.354491	0.04167	16.058	16.038	16.078	18.81211	V	m15_data/M15-4_20191013_083028_d311_Nickel_V_c.fit
58769.353704	0.01389	16.068	16.041	16.095	18.28778	V	m15_data/M15-4_20191013_082920_d310_Nickel_V_c.fit
58763.236493	0.125	16.225	16.055	16.395	16.15134	V	m15_data/M15-4_20191007_054033_d148_Nickel_V_c.fit
58759.22794	0.125	15.723	15.709	15.737	20.47623	V	m15_data/M15-4_20191003_052814_d148_Nickel_V_c.fit
58759.226505	0.04167	15.727	15.714	15.74	20.14061	V	m15_data/M15-4_20191003_052610_d147_Nickel_V_c.fit
58759.224919	0.01389	15.724	15.708	15.74	19.33376	V	m15_data/M15-4_20191003_052353_d146_Nickel_V_c.fit
58751.227743	0.125	15.724	15.714	15.734	21.04291	V	m15_data/M15-4_20190925_052757_d156_Nickel_V_c.fit
58751.226586	0.04167	15.733	15.722	15.744	20.31807	V	m15_data/M15-4_20190925_052617_d155_Nickel_V_c.fit
58751.225683	0.01389	15.737	15.72	15.754	19.65828	V	m15_data/M15-4_20190925_052459_d154_Nickel_V_c.fit
58738.264363	0.125	15.806	15.794	15.818	19.90391	V	m15_data/M15-4_20190912_062041_d168_Nickel_V_c.fit
58738.263264	0.04167	15.806	15.791	15.821	19.23223	V	m15_data/M15-4_20190912_061906_d167_Nickel_V_c.fit
58738.26265	0.01389	15.802	15.781	15.823	18.7072	V	m15_data/M15-4_20190912_061813_d166_Nickel_V_c.fit
58735.312396	0.125	15.885	15.867	15.903	19.86293	V	m15_data/M15-4_20190909_072951_d164_Nickel_V_c.fit
58735.311227	0.04167	15.904	15.885	15.923	19.42057	V	m15_data/M15-4_20190909_072810_d163_Nickel_V_c.fit
58735.309977	0.01389	15.826	15.797	15.855	18.23516	V	m15_data/M15-4_20190909_072622_d162_Nickel_V_c.fit
58731.376412	0.125	15.7	15.691	15.709	20.77952	V	m15_data/M15-4_20190905_090202_d196_Nickel_V_c.fit
58731.375301	0.04167	15.692	15.682	15.702	20.25405	V	m15_data/M15-4_20190905_090026_d195_Nickel_V_c.fit
58731.374572	0.01389	15.677	15.662	15.692	19.49208	V	m15_data/M15-4_20190905_085923_d194_Nickel_V_c.fit
58731.196331	0.01389	16.149	16.13	16.168	19.49225	V	m15_data/M15-4_20190905_044243_d139_Nickel_V_c.fit
58731.194769	0.04167	16.136	16.122	16.15	20.07098	V	m15_data/M15-4_20190905_044028_d138_Nickel_V_c.fit
58731.191366	0.125	16.154	16.143	16.165	20.8011	V	m15_data/M15-4_20190905_043534_d137_Nickel_V_c.fit
58708.306586	0.125	15.904	15.883	15.925	19.74789	V	m15_data/M15-4_20190813_072129_d169_Nickel_V_c.fit
58708.305127	0.04167	15.944	15.924	15.964	19.27453	V	m15_data/M15-4_20190813_071923_d168_Nickel_V_c.fit
58708.304236	0.01389	15.952	15.923	15.981	18.53474	V	m15_data/M15-4_20190813_071806_d167_Nickel_V_c.fit
58697.349352	0.125	16.056	16.031	16.081	19.71682	V	m15_data/M15-4_20190802_082304_d168_Nickel_V_c.fit
58697.346528	0.04167	16.174	16.151	16.197	19.14187	V	m15_data/M15-4_20190802_081900_d167_Nickel_V_c.fit
58697.345764	0.01389	16.001	15.969	16.033	18.42646	V	m15_data/M15-4_20190802_081754_d166_Nickel_V_c.fit
58694.371076	0.125	16.109	16.091	16.127	20.42682	V	m15_data/M15-4_20190730_085421_d148_Nickel_V_c.fit
58694.369954	0.04167	16.08	16.055	16.105	19.79922	V	m15_data/M15-4_20190730_085244_d147_Nickel_V_c.fit
58694.369213	0.01389	16.092	16.067	16.117	19.05352	V	m15_data/M15-4_20190730_085140_d146_Nickel_V_c.fit
58690.329896	0.125	16.131	16.117	16.145	20.60552	V	m15_data/M15-4_20190726_075503_d175_Nickel_V_c.fit
58690.328738	0.04167	16.098	16.08	16.116	20.07861	V	m15_data/M15-4_20190726_075323_d174_Nickel_V_c.fit
58690.328044	0.01389	16.122	16.098	16.146	19.26909	V	m15_data/M15-4_20190726_075223_d173_Nickel_V_c.fit
58683.328646	0.125	16.062	16.05	16.074	20.06298	V	m15_data/M15-4_20190719_075315_d152_Nickel_V_c.fit
58683.327512	0.04167	16.06	16.044	16.076	19.43516	V	m15_data/M15-4_20190719_075137_d151_Nickel_V_c.fit
58683.326725	0.01389	16.038	16.016	16.06	18.80307	V	m15_data/M15-4_20190719_075029_d150_Nickel_V_c.fit
58676.385498	0.125	16.173	16.162	16.184	20.74891	V	m15_data/M15-4_20190712_091507_d170_Nickel_V_c.fit
58676.383681	0.04167	16.131	16.117	16.145	20.31495	V	m15_data/M15-4_20190712_091230_d169_Nickel_V_c.fit
58676.38287	0.01389	16.139	16.119	16.159	19.54134	V	m15_data/M15-4_20190712_091120_d168_Nickel_V_c.fit
58672.486215	0.125	15.722	15.711	15.733	20.45711	V	m15_data/M15-4_20190708_114009_d219_Nickel_V_c.fit
58672.484792	0.04167	15.724	15.709	15.739	19.85616	V	m15_data/M15-4_20190708_113806_d218_Nickel_V_c.fit
58672.48397	0.01389	15.72	15.701	15.739	19.17647	V	m15_data/M15-4_20190708_113655_d217_Nickel_V_c.fit
58672.303356	0.125	15.908	15.888	15.928	19.50401	V	m15_data/M15-4_20190708_071650_d170_Nickel_V_c.fit
58672.301991	0.04167	15.9	15.879	15.921	18.8214	V	m15_data/M15-4_20190708_071452_d169_Nickel_V_c.fit
58672.301123	0.01389	16.027	15.996	16.058	18.11925	V	m15_data/M15-4_20190708_071337_d168_Nickel_V_c.fit
58664.413507	0.125	15.591	15.573	15.609	19.4323	V	m15_data/M15-4_20190630_095527_d197_Nickel_V_c.fit
58664.412431	0.04167	15.615	15.594	15.636	19.13956	V	m15_data/M15-4_20190630_095354_d196_Nickel_V_c.fit
58664.411806	0.01389	15.713	15.611	15.815	16.43232	V	m15_data/M15-4_20190630_095300_d195_Nickel_V_c.fit
58658.400116	0.125	16.192	16.179	16.205	20.47187	V	m15_data/M15-4_20190624_093610_d139_Nickel_V_c.fit
58658.398588	0.04167	16.2	16.185	16.215	19.91786	V	m15_data/M15-4_20190624_093358_d138_Nickel_V_c.fit
58653.413032	0.125	15.622	15.613	15.631	20.45419	V	m15_data/M15-4_20190619_095446_d181_Nickel_V_c.fit
58653.411863	0.04167	15.61	15.597	15.623	19.98959	V	m15_data/M15-4_20190619_095305_d180_Nickel_V_c.fit
58653.411088	0.01389	15.574	15.559	15.589	19.21673	V	m15_data/M15-4_20190619_095158_d179_Nickel_V_c.fit
