;; MJD	etburst	mag	-emag	+emag	limmag	filter	imagename
59026.471366	0.125	13.004	12.995	13.013	20.60468	V	m15_data/M15-4_20200626_111846_d163_Nickel_V_c.fit
59026.469861	0.04167	12.997	12.987	13.007	19.94214	V	m15_data/M15-4_20200626_111636_d162_Nickel_V_c.fit
59026.468808	0.01389	12.982	12.975	12.989	19.23343	V	m15_data/M15-4_20200626_111505_d161_Nickel_V_c.fit
59022.407407	0.125	12.995	12.982	13.008	20.40755	V	m15_data/M15-4_20200622_094640_d142_Nickel_V_c.fit
59022.406146	0.04167	12.89	12.882	12.898	19.98321	V	m15_data/M15-4_20200622_094451_d141_Nickel_V_c.fit
59022.405336	0.01389	12.895	12.887	12.903	19.24954	V	m15_data/M15-4_20200622_094341_d140_Nickel_V_c.fit
58805.103056	0.125	12.912	12.903	12.921	20.72919	V	m15_data/M15-4_20191118_022824_d141_Nickel_V_c.fit
58805.101377	0.04167	12.906	12.902	12.91	20.23206	V	m15_data/M15-4_20191118_022559_d140_Nickel_V_c.fit
58805.100694	0.01389	12.979	12.969	12.989	19.38013	V	m15_data/M15-4_20191118_022500_d139_Nickel_V_c.fit
58792.143345	0.04167	12.864	12.86	12.868	20.17023	V	m15_data/M15-4_20191105_032625_d154_Nickel_V_c.fit
58789.29081	0.125	12.944	12.934	12.954	20.18399	V	m15_data/M15-4_20191102_065846_d176_Nickel_V_c.fit
58789.289676	0.04167	12.913	12.908	12.918	19.62831	V	m15_data/M15-4_20191102_065708_d175_Nickel_V_c.fit
58789.289016	0.01389	12.873	12.863	12.883	18.97125	V	m15_data/M15-4_20191102_065611_d174_Nickel_V_c.fit
58789.194468	0.125	12.887	12.881	12.893	20.68856	V	m15_data/M15-4_20191102_044002_d156_Nickel_V_c.fit
58789.193229	0.04167	12.866	12.862	12.87	20.12667	V	m15_data/M15-4_20191102_043815_d155_Nickel_V_c.fit
58789.192106	0.01389	12.874	12.866	12.882	19.65798	V	m15_data/M15-4_20191102_043638_d154_Nickel_V_c.fit
58788.17235	0.125	12.961	12.952	12.97	20.30906	V	m15_data/M15-4_20191101_040811_d163_Nickel_V_c.fit
58788.171273	0.04167	12.949	12.94	12.958	19.82119	V	m15_data/M15-4_20191101_040638_d162_Nickel_V_c.fit
58788.170637	0.01389	12.924	12.914	12.934	19.18719	V	m15_data/M15-4_20191101_040543_d161_Nickel_V_c.fit
58775.277141	0.125	12.935	12.927	12.943	20.3742	V	m15_data/M15-4_20191019_063905_d151_Nickel_V_c.fit
58775.275637	0.04167	12.938	12.931	12.945	19.7763	V	m15_data/M15-4_20191019_063655_d150_Nickel_V_c.fit
58775.274583	0.01389	12.946	12.936	12.956	18.91217	V	m15_data/M15-4_20191019_063524_d149_Nickel_V_c.fit
58759.22794	0.125	12.691	12.654	12.728	20.47623	V	m15_data/M15-4_20191003_052814_d148_Nickel_V_c.fit
58759.226505	0.04167	12.391	12.355	12.427	20.14051	V	m15_data/M15-4_20191003_052610_d147_Nickel_V_c.fit
58759.224919	0.01389	12.766	12.741	12.791	19.33376	V	m15_data/M15-4_20191003_052353_d146_Nickel_V_c.fit
58751.227743	0.125	12.902	12.891	12.913	21.04291	V	m15_data/M15-4_20190925_052757_d156_Nickel_V_c.fit
58751.226586	0.04167	12.898	12.891	12.905	20.31827	V	m15_data/M15-4_20190925_052617_d155_Nickel_V_c.fit
58751.225683	0.01389	12.889	12.878	12.9	19.65838	V	m15_data/M15-4_20190925_052459_d154_Nickel_V_c.fit
58738.264363	0.125	13.055	13.049	13.061	19.89661	V	m15_data/M15-4_20190912_062041_d168_Nickel_V_c.fit
58738.263264	0.04167	13.103	13.088	13.118	19.23223	V	m15_data/M15-4_20190912_061906_d167_Nickel_V_c.fit
58738.26265	0.01389	13.071	13.062	13.08	18.7143	V	m15_data/M15-4_20190912_061813_d166_Nickel_V_c.fit
58731.196331	0.01389	12.956	12.944	12.968	19.49245	V	m15_data/M15-4_20190905_044243_d139_Nickel_V_c.fit
58731.194769	0.04167	12.986	12.977	12.995	20.07098	V	m15_data/M15-4_20190905_044028_d138_Nickel_V_c.fit
58731.191366	0.125	12.945	12.935	12.955	20.8011	V	m15_data/M15-4_20190905_043534_d137_Nickel_V_c.fit
58708.306586	0.125	13.014	13.0	13.028	19.74789	V	m15_data/M15-4_20190813_072129_d169_Nickel_V_c.fit
58708.305127	0.04167	12.973	12.966	12.98	19.26773	V	m15_data/M15-4_20190813_071923_d168_Nickel_V_c.fit
58708.304236	0.01389	12.994	12.986	13.002	18.53784	V	m15_data/M15-4_20190813_071806_d167_Nickel_V_c.fit
58697.349352	0.125	13.106	13.096	13.116	19.71682	V	m15_data/M15-4_20190802_082304_d168_Nickel_V_c.fit
58697.346528	0.04167	13.099	13.094	13.104	19.14077	V	m15_data/M15-4_20190802_081900_d167_Nickel_V_c.fit
58697.345764	0.01389	13.041	13.034	13.048	18.42326	V	m15_data/M15-4_20190802_081754_d166_Nickel_V_c.fit
58694.371076	0.125	13.052	13.041	13.063	20.42682	V	m15_data/M15-4_20190730_085421_d148_Nickel_V_c.fit
58694.369954	0.04167	13.06	13.049	13.071	19.79922	V	m15_data/M15-4_20190730_085244_d147_Nickel_V_c.fit
58694.369213	0.01389	13.028	13.022	13.034	19.05472	V	m15_data/M15-4_20190730_085140_d146_Nickel_V_c.fit
58683.328646	0.125	12.906	12.898	12.914	20.06288	V	m15_data/M15-4_20190719_075315_d152_Nickel_V_c.fit
58683.327512	0.04167	12.913	12.906	12.92	19.43536	V	m15_data/M15-4_20190719_075137_d151_Nickel_V_c.fit
58683.326725	0.01389	12.897	12.89	12.904	18.80637	V	m15_data/M15-4_20190719_075029_d150_Nickel_V_c.fit
58672.303356	0.125	13.079	13.07	13.088	19.50401	V	m15_data/M15-4_20190708_071650_d170_Nickel_V_c.fit
58672.301991	0.04167	13.085	13.077	13.093	18.8214	V	m15_data/M15-4_20190708_071452_d169_Nickel_V_c.fit
58672.301123	0.01389	13.062	13.054	13.07	18.12915	V	m15_data/M15-4_20190708_071337_d168_Nickel_V_c.fit
58658.400116	0.125	12.93	12.925	12.935	20.47287	V	m15_data/M15-4_20190624_093610_d139_Nickel_V_c.fit
58658.398588	0.04167	12.925	12.921	12.929	19.91546	V	m15_data/M15-4_20190624_093358_d138_Nickel_V_c.fit
