;; MJD	etburst	mag	-emag	+emag	limmag	filter	imagename
59039.41963	0.125	14.491	14.437	14.545	20.24851	V	m15_data/M15-4_20200709_100416_d179_Nickel_V_c.fit
59039.41853	0.04167	14.559	14.487	14.631	19.6235	V	m15_data/M15-4_20200709_100241_d178_Nickel_V_c.fit
59039.417789	0.01389	14.522	14.436	14.608	19.0253	V	m15_data/M15-4_20200709_100137_d177_Nickel_V_c.fit
59026.471366	0.125	14.371	14.321	14.421	20.60468	V	m15_data/M15-4_20200626_111846_d163_Nickel_V_c.fit
59026.469861	0.04167	14.638	14.605	14.671	19.94214	V	m15_data/M15-4_20200626_111636_d162_Nickel_V_c.fit
59026.468808	0.01389	14.377	14.325	14.429	19.21803	V	m15_data/M15-4_20200626_111505_d161_Nickel_V_c.fit
59022.407407	0.125	14.858	14.83	14.886	20.40755	V	m15_data/M15-4_20200622_094640_d142_Nickel_V_c.fit
59018.45022	0.125	14.843	14.817	14.869	20.33533	V	m15_data/M15-4_20200618_104819_d203_Nickel_V_c.fit
59018.448889	0.04167	14.639	14.613	14.665	19.79375	V	m15_data/M15-4_20200618_104624_d202_Nickel_V_c.fit
59018.447303	0.01389	14.853	14.824	14.882	18.87493	V	m15_data/M15-4_20200618_104407_d201_Nickel_V_c.fit
58994.489965	0.04167	14.311	14.227	14.395	20.15245	R	m15_data/M15-4_20200525_114533_d185_Nickel_R_c.fit
58994.487488	0.125	14.517	14.439	14.595	20.63595	V	m15_data/M15-4_20200525_114159_d184_Nickel_V_c.fit
58994.4864	0.04167	14.753	14.678	14.828	20.36332	V	m15_data/M15-4_20200525_114025_d183_Nickel_V_c.fit
58994.485775	0.01389	14.795	14.726	14.864	19.33758	V	m15_data/M15-4_20200525_113931_d182_Nickel_V_c.fit
58994.483206	0.125	15.288	15.207	15.369	20.94767	B	m15_data/M15-4_20200525_113549_d181_Nickel_B_c.fit
58994.482118	0.04167	15.266	15.187	15.345	20.26892	B	m15_data/M15-4_20200525_113415_d180_Nickel_B_c.fit
58994.481435	0.01389	15.42	15.357	15.483	19.22446	B	m15_data/M15-4_20200525_113316_d179_Nickel_B_c.fit
58805.193322	0.125	14.82	14.798	14.842	20.07445	V	m15_data/M15-4_20191118_043823_d169_Nickel_V_c.fit
58805.192118	0.04167	14.824	14.801	14.847	19.53151	V	m15_data/M15-4_20191118_043639_d168_Nickel_V_c.fit
58805.191412	0.01389	14.833	14.806	14.86	18.85622	V	m15_data/M15-4_20191118_043538_d167_Nickel_V_c.fit
58805.103056	0.125	14.494	14.448	14.54	20.72919	V	m15_data/M15-4_20191118_022824_d141_Nickel_V_c.fit
58805.101377	0.04167	14.533	14.483	14.583	20.23526	V	m15_data/M15-4_20191118_022559_d140_Nickel_V_c.fit
58792.166412	0.125	13.605	13.515	13.695	20.12269	I	m15_data/M15-4_20191105_035938_d160_Nickel_I_c.fit
58792.144514	0.125	14.652	14.573	14.731	20.88499	V	m15_data/M15-4_20191105_032806_d155_Nickel_V_c.fit
58792.143345	0.04167	14.627	14.56	14.694	20.16993	V	m15_data/M15-4_20191105_032625_d154_Nickel_V_c.fit
58789.29081	0.125	14.648	14.605	14.691	20.18399	V	m15_data/M15-4_20191102_065846_d176_Nickel_V_c.fit
58789.289676	0.04167	14.401	14.346	14.456	19.63601	V	m15_data/M15-4_20191102_065708_d175_Nickel_V_c.fit
58789.289016	0.01389	14.495	14.433	14.557	18.96985	V	m15_data/M15-4_20191102_065611_d174_Nickel_V_c.fit
58789.194468	0.125	14.442	14.377	14.507	20.68856	V	m15_data/M15-4_20191102_044002_d156_Nickel_V_c.fit
58789.193229	0.04167	14.467	14.399	14.535	20.12887	V	m15_data/M15-4_20191102_043815_d155_Nickel_V_c.fit
58789.192106	0.01389	14.696	14.62	14.772	19.66128	V	m15_data/M15-4_20191102_043638_d154_Nickel_V_c.fit
58788.17235	0.125	14.853	14.822	14.884	20.30906	V	m15_data/M15-4_20191101_040811_d163_Nickel_V_c.fit
58788.171273	0.04167	14.831	14.802	14.86	19.82119	V	m15_data/M15-4_20191101_040638_d162_Nickel_V_c.fit
58788.170637	0.01389	14.466	14.419	14.513	19.18719	V	m15_data/M15-4_20191101_040543_d161_Nickel_V_c.fit
58779.257627	0.08333	14.773	14.742	14.804	20.13856	V	m15_data/M15-4_20191023_061059_d146_Nickel_V_c.fit
58779.256262	0.04167	14.842	14.808	14.876	19.7319	V	m15_data/M15-4_20191023_060901_d145_Nickel_V_c.fit
58779.255521	0.01389	14.838	14.806	14.87	18.91416	V	m15_data/M15-4_20191023_060757_d144_Nickel_V_c.fit
58775.277141	0.125	14.403	14.343	14.463	20.3742	V	m15_data/M15-4_20191019_063905_d151_Nickel_V_c.fit
58775.275637	0.04167	14.442	14.396	14.488	19.7763	V	m15_data/M15-4_20191019_063655_d150_Nickel_V_c.fit
58775.274583	0.01389	14.564	14.532	14.596	18.91127	V	m15_data/M15-4_20191019_063524_d149_Nickel_V_c.fit
58763.236493	0.125	14.774	14.713	14.835	16.15134	V	m15_data/M15-4_20191007_054033_d148_Nickel_V_c.fit
58759.22794	0.125	14.591	14.553	14.629	20.47623	V	m15_data/M15-4_20191003_052814_d148_Nickel_V_c.fit
58759.226505	0.04167	14.45	14.382	14.518	20.14061	V	m15_data/M15-4_20191003_052610_d147_Nickel_V_c.fit
58759.224919	0.01389	14.49	14.407	14.573	19.33376	V	m15_data/M15-4_20191003_052353_d146_Nickel_V_c.fit
58751.227743	0.125	14.508	14.428	14.588	21.04291	V	m15_data/M15-4_20190925_052757_d156_Nickel_V_c.fit
58751.226586	0.04167	14.448	14.391	14.505	20.31807	V	m15_data/M15-4_20190925_052617_d155_Nickel_V_c.fit
58751.225683	0.01389	14.602	14.531	14.673	19.65828	V	m15_data/M15-4_20190925_052459_d154_Nickel_V_c.fit
58738.264363	0.125	14.521	14.469	14.573	19.90391	V	m15_data/M15-4_20190912_062041_d168_Nickel_V_c.fit
58735.312396	0.125	14.806	14.77	14.842	19.86293	V	m15_data/M15-4_20190909_072951_d164_Nickel_V_c.fit
58735.311227	0.04167	14.622	14.588	14.656	19.42057	V	m15_data/M15-4_20190909_072810_d163_Nickel_V_c.fit
58735.309977	0.01389	14.67	14.633	14.707	18.23516	V	m15_data/M15-4_20190909_072622_d162_Nickel_V_c.fit
58708.306586	0.125	14.71	14.682	14.738	19.74789	V	m15_data/M15-4_20190813_072129_d169_Nickel_V_c.fit
58708.305127	0.04167	14.644	14.608	14.68	19.27453	V	m15_data/M15-4_20190813_071923_d168_Nickel_V_c.fit
58708.304236	0.01389	14.677	14.642	14.712	18.53474	V	m15_data/M15-4_20190813_071806_d167_Nickel_V_c.fit
58697.349352	0.125	14.874	14.854	14.894	19.71682	V	m15_data/M15-4_20190802_082304_d168_Nickel_V_c.fit
58697.346528	0.04167	14.881	14.862	14.9	19.14187	V	m15_data/M15-4_20190802_081900_d167_Nickel_V_c.fit
58697.345764	0.01389	14.819	14.791	14.847	18.42646	V	m15_data/M15-4_20190802_081754_d166_Nickel_V_c.fit
58694.371076	0.125	14.894	14.861	14.927	20.42682	V	m15_data/M15-4_20190730_085421_d148_Nickel_V_c.fit
58694.369954	0.04167	14.68	14.657	14.703	19.79922	V	m15_data/M15-4_20190730_085244_d147_Nickel_V_c.fit
58694.369213	0.01389	14.869	14.836	14.902	19.05352	V	m15_data/M15-4_20190730_085140_d146_Nickel_V_c.fit
58690.329896	0.125	14.631	14.588	14.674	20.60552	V	m15_data/M15-4_20190726_075503_d175_Nickel_V_c.fit
58690.328738	0.04167	14.824	14.788	14.86	20.07861	V	m15_data/M15-4_20190726_075323_d174_Nickel_V_c.fit
58690.328044	0.01389	14.576	14.543	14.609	19.26909	V	m15_data/M15-4_20190726_075223_d173_Nickel_V_c.fit
58683.328646	0.125	14.477	14.43	14.524	20.06298	V	m15_data/M15-4_20190719_075315_d152_Nickel_V_c.fit
58683.327512	0.04167	14.478	14.433	14.523	19.43516	V	m15_data/M15-4_20190719_075137_d151_Nickel_V_c.fit
58683.326725	0.01389	14.49	14.446	14.534	18.80307	V	m15_data/M15-4_20190719_075029_d150_Nickel_V_c.fit
58676.385498	0.125	14.415	14.355	14.475	20.74891	V	m15_data/M15-4_20190712_091507_d170_Nickel_V_c.fit
58676.383681	0.04167	14.488	14.419	14.557	20.31495	V	m15_data/M15-4_20190712_091230_d169_Nickel_V_c.fit
58676.38287	0.01389	14.573	14.502	14.644	19.54134	V	m15_data/M15-4_20190712_091120_d168_Nickel_V_c.fit
58672.486215	0.125	14.909	14.871	14.947	20.45711	V	m15_data/M15-4_20190708_114009_d219_Nickel_V_c.fit
58672.484792	0.04167	14.954	14.922	14.986	19.85616	V	m15_data/M15-4_20190708_113806_d218_Nickel_V_c.fit
58672.48397	0.01389	14.787	14.748	14.826	19.17647	V	m15_data/M15-4_20190708_113655_d217_Nickel_V_c.fit
58672.303356	0.125	14.882	14.857	14.907	19.50401	V	m15_data/M15-4_20190708_071650_d170_Nickel_V_c.fit
58672.301991	0.04167	14.918	14.889	14.947	18.8214	V	m15_data/M15-4_20190708_071452_d169_Nickel_V_c.fit
58672.301123	0.01389	14.961	14.931	14.991	18.11925	V	m15_data/M15-4_20190708_071337_d168_Nickel_V_c.fit
58658.400116	0.125	14.407	14.347	14.467	20.47187	V	m15_data/M15-4_20190624_093610_d139_Nickel_V_c.fit
58658.398588	0.04167	14.437	14.381	14.493	19.91786	V	m15_data/M15-4_20190624_093358_d138_Nickel_V_c.fit
