;; MJD	etburst	mag	-emag	+emag	limmag	filter	imagename
59039.41963	0.125	15.65	15.637	15.663	20.24761	V	m15_data/M15-4_20200709_100416_d179_Nickel_V_c.fit
59039.41853	0.04167	15.686	15.67	15.702	19.622	V	m15_data/M15-4_20200709_100241_d178_Nickel_V_c.fit
59039.417789	0.01389	15.701	15.681	15.721	19.0231	V	m15_data/M15-4_20200709_100137_d177_Nickel_V_c.fit
59030.467917	0.04167	16.007	15.989	16.025	20.34881	B	m15_data/M15-4_20200630_111348_d194_Nickel_B_c.fit
59030.465266	0.125	15.702	15.69	15.714	20.97725	V	m15_data/M15-4_20200630_110959_d193_Nickel_V_c.fit
59030.463958	0.04167	15.696	15.682	15.71	20.25327	V	m15_data/M15-4_20200630_110806_d192_Nickel_V_c.fit
59030.463079	0.01389	15.668	15.652	15.684	19.32353	V	m15_data/M15-4_20200630_110650_d191_Nickel_V_c.fit
59026.471366	0.125	15.579	15.567	15.591	20.60408	V	m15_data/M15-4_20200626_111846_d163_Nickel_V_c.fit
59026.469861	0.04167	15.572	15.561	15.583	19.94154	V	m15_data/M15-4_20200626_111636_d162_Nickel_V_c.fit
59026.468808	0.01389	15.573	15.556	15.59	19.21903	V	m15_data/M15-4_20200626_111505_d161_Nickel_V_c.fit
59022.407407	0.125	15.726	15.716	15.736	20.40755	V	m15_data/M15-4_20200622_094640_d142_Nickel_V_c.fit
59022.406146	0.04167	15.726	15.712	15.74	19.99561	V	m15_data/M15-4_20200622_094451_d141_Nickel_V_c.fit
59022.405336	0.01389	15.741	15.723	15.759	19.20814	V	m15_data/M15-4_20200622_094341_d140_Nickel_V_c.fit
59018.45022	0.125	15.832	15.82	15.844	20.33533	V	m15_data/M15-4_20200618_104819_d203_Nickel_V_c.fit
59018.448889	0.04167	15.8	15.784	15.816	19.79375	V	m15_data/M15-4_20200618_104624_d202_Nickel_V_c.fit
59018.447303	0.01389	15.827	15.806	15.848	18.87493	V	m15_data/M15-4_20200618_104407_d201_Nickel_V_c.fit
58994.489965	0.04167	15.623	15.61	15.636	20.15075	R	m15_data/M15-4_20200525_114533_d185_Nickel_R_c.fit
58994.487488	0.125	15.853	15.84	15.866	20.63405	V	m15_data/M15-4_20200525_114159_d184_Nickel_V_c.fit
58994.4864	0.04167	15.854	15.839	15.869	20.36262	V	m15_data/M15-4_20200525_114025_d183_Nickel_V_c.fit
58994.485775	0.01389	15.85	15.834	15.866	19.33668	V	m15_data/M15-4_20200525_113931_d182_Nickel_V_c.fit
58994.483206	0.125	16.201	16.185	16.217	20.94527	B	m15_data/M15-4_20200525_113549_d181_Nickel_B_c.fit
58994.482118	0.04167	16.172	16.154	16.19	20.26682	B	m15_data/M15-4_20200525_113415_d180_Nickel_B_c.fit
58994.481435	0.01389	16.196	16.166	16.226	19.22446	B	m15_data/M15-4_20200525_113316_d179_Nickel_B_c.fit
58990.498657	0.125	15.946	15.933	15.959	19.5466	V	m15_data/M15-4_20200521_115804_d208_Nickel_V_c.fit
58990.497593	0.04167	15.933	15.915	15.951	19.22893	V	m15_data/M15-4_20200521_115632_d207_Nickel_V_c.fit
58990.496968	0.01389	15.913	15.89	15.936	18.64812	V	m15_data/M15-4_20200521_115538_d206_Nickel_V_c.fit
58805.193322	0.125	15.665	15.656	15.674	20.07445	V	m15_data/M15-4_20191118_043823_d169_Nickel_V_c.fit
58805.192118	0.04167	15.653	15.641	15.665	19.53151	V	m15_data/M15-4_20191118_043639_d168_Nickel_V_c.fit
58805.191412	0.01389	15.666	15.651	15.681	18.85582	V	m15_data/M15-4_20191118_043538_d167_Nickel_V_c.fit
58805.103056	0.125	15.835	15.822	15.848	20.72729	V	m15_data/M15-4_20191118_022824_d141_Nickel_V_c.fit
58805.101377	0.04167	15.834	15.819	15.849	20.23396	V	m15_data/M15-4_20191118_022559_d140_Nickel_V_c.fit
58805.100694	0.01389	15.839	15.819	15.859	19.38123	V	m15_data/M15-4_20191118_022500_d139_Nickel_V_c.fit
58792.166412	0.125	15.122	15.107	15.137	20.12269	I	m15_data/M15-4_20191105_035938_d160_Nickel_I_c.fit
58792.144514	0.125	15.656	15.644	15.668	20.88299	V	m15_data/M15-4_20191105_032806_d155_Nickel_V_c.fit
58792.143345	0.04167	15.67	15.657	15.683	20.16823	V	m15_data/M15-4_20191105_032625_d154_Nickel_V_c.fit
58789.29081	0.125	15.776	15.764	15.788	20.18309	V	m15_data/M15-4_20191102_065846_d176_Nickel_V_c.fit
58789.289676	0.04167	15.784	15.771	15.797	19.63451	V	m15_data/M15-4_20191102_065708_d175_Nickel_V_c.fit
58789.289016	0.01389	15.833	15.814	15.852	18.96845	V	m15_data/M15-4_20191102_065611_d174_Nickel_V_c.fit
58789.194468	0.125	16.01	15.994	16.026	20.68856	V	m15_data/M15-4_20191102_044002_d156_Nickel_V_c.fit
58789.193229	0.04167	16.028	16.01	16.046	20.12887	V	m15_data/M15-4_20191102_043815_d155_Nickel_V_c.fit
58789.192106	0.01389	16.052	16.029	16.075	19.66128	V	m15_data/M15-4_20191102_043638_d154_Nickel_V_c.fit
58788.17235	0.125	15.718	15.706	15.73	20.30906	V	m15_data/M15-4_20191101_040811_d163_Nickel_V_c.fit
58788.171273	0.04167	15.698	15.685	15.711	19.82109	V	m15_data/M15-4_20191101_040638_d162_Nickel_V_c.fit
58788.170637	0.01389	15.697	15.682	15.712	19.18679	V	m15_data/M15-4_20191101_040543_d161_Nickel_V_c.fit
58779.257627	0.08333	15.634	15.623	15.645	20.13826	V	m15_data/M15-4_20191023_061059_d146_Nickel_V_c.fit
58779.256262	0.04167	15.637	15.625	15.649	19.7311	V	m15_data/M15-4_20191023_060901_d145_Nickel_V_c.fit
58779.255521	0.01389	15.621	15.607	15.635	18.91456	V	m15_data/M15-4_20191023_060757_d144_Nickel_V_c.fit
58775.277141	0.125	15.912	15.898	15.926	20.3742	V	m15_data/M15-4_20191019_063905_d151_Nickel_V_c.fit
58775.275637	0.04167	15.888	15.873	15.903	19.7763	V	m15_data/M15-4_20191019_063655_d150_Nickel_V_c.fit
58775.274583	0.01389	15.905	15.884	15.926	18.91127	V	m15_data/M15-4_20191019_063524_d149_Nickel_V_c.fit
58769.355752	0.125	15.666	15.655	15.677	19.39277	V	m15_data/M15-4_20191013_083217_d312_Nickel_V_c.fit
58769.354491	0.04167	15.674	15.66	15.688	18.82095	V	m15_data/M15-4_20191013_083028_d311_Nickel_V_c.fit
58769.353704	0.01389	15.664	15.644	15.684	18.28528	V	m15_data/M15-4_20191013_082920_d310_Nickel_V_c.fit
58768.317685	0.125	15.707	15.692	15.722	19.46443	V	m15_data/M15-4_20191012_073728_d187_Nickel_V_c.fit
58768.31647	0.04167	15.725	15.708	15.742	19.03514	V	m15_data/M15-4_20191012_073543_d186_Nickel_V_c.fit
58768.315498	0.01389	15.698	15.677	15.719	18.30998	V	m15_data/M15-4_20191012_073419_d185_Nickel_V_c.fit
58763.236493	0.125	16.177	16.029	16.325	16.15154	V	m15_data/M15-4_20191007_054033_d148_Nickel_V_c.fit
58759.22794	0.125	15.711	15.696	15.726	20.47513	V	m15_data/M15-4_20191003_052814_d148_Nickel_V_c.fit
58759.226505	0.04167	15.777	15.758	15.796	20.14061	V	m15_data/M15-4_20191003_052610_d147_Nickel_V_c.fit
58759.224919	0.01389	15.789	15.764	15.814	19.33226	V	m15_data/M15-4_20191003_052353_d146_Nickel_V_c.fit
58751.227743	0.125	15.778	15.76	15.796	21.04291	V	m15_data/M15-4_20190925_052757_d156_Nickel_V_c.fit
58751.226586	0.04167	15.749	15.733	15.765	20.31587	V	m15_data/M15-4_20190925_052617_d155_Nickel_V_c.fit
58751.225683	0.01389	15.77	15.752	15.788	19.65698	V	m15_data/M15-4_20190925_052459_d154_Nickel_V_c.fit
58746.388935	0.125	15.736	15.722	15.75	19.04016	V	m15_data/M15-4_20190920_092004_d139_Nickel_V_c.fit
58746.387836	0.04167	15.784	15.762	15.806	18.15541	V	m15_data/M15-4_20190920_091829_d138_Nickel_V_c.fit
58746.387153	0.01389	15.728	15.681	15.775	17.00186	V	m15_data/M15-4_20190920_091730_d137_Nickel_V_c.fit
58738.264363	0.125	15.743	15.729	15.757	19.90391	V	m15_data/M15-4_20190912_062041_d168_Nickel_V_c.fit
58738.263264	0.04167	15.722	15.708	15.736	19.23223	V	m15_data/M15-4_20190912_061906_d167_Nickel_V_c.fit
58738.26265	0.01389	15.763	15.743	15.783	18.7072	V	m15_data/M15-4_20190912_061813_d166_Nickel_V_c.fit
58735.312396	0.125	15.744	15.731	15.757	19.86293	V	m15_data/M15-4_20190909_072951_d164_Nickel_V_c.fit
58735.311227	0.04167	15.75	15.735	15.765	19.42057	V	m15_data/M15-4_20190909_072810_d163_Nickel_V_c.fit
58735.309977	0.01389	15.713	15.695	15.731	18.23466	V	m15_data/M15-4_20190909_072622_d162_Nickel_V_c.fit
58731.376412	0.125	15.758	15.748	15.768	20.77752	V	m15_data/M15-4_20190905_090202_d196_Nickel_V_c.fit
58731.375301	0.04167	15.757	15.744	15.77	20.25235	V	m15_data/M15-4_20190905_090026_d195_Nickel_V_c.fit
58731.374572	0.01389	15.73	15.716	15.744	19.49128	V	m15_data/M15-4_20190905_085923_d194_Nickel_V_c.fit
58731.196331	0.01389	15.717	15.698	15.736	19.49055	V	m15_data/M15-4_20190905_044243_d139_Nickel_V_c.fit
58731.194769	0.04167	15.728	15.714	15.742	20.06818	V	m15_data/M15-4_20190905_044028_d138_Nickel_V_c.fit
58731.191366	0.125	15.753	15.739	15.767	20.7962	V	m15_data/M15-4_20190905_043534_d137_Nickel_V_c.fit
58728.194456	0.08333	15.926	15.911	15.941	20.47673	V	m15_data/M15-4_20190902_044001_d164_Nickel_V_c.fit
58728.19338	0.04167	15.947	15.932	15.962	20.21895	V	m15_data/M15-4_20190902_043828_d163_Nickel_V_c.fit
58728.192708	0.01389	15.908	15.89	15.926	19.36578	V	m15_data/M15-4_20190902_043730_d162_Nickel_V_c.fit
58724.255579	0.125	15.881	15.867	15.895	20.40358	V	m15_data/M15-4_20190829_060802_d165_Nickel_V_c.fit
58724.254491	0.04167	15.901	15.884	15.918	19.84898	V	m15_data/M15-4_20190829_060628_d164_Nickel_V_c.fit
58724.253866	0.01389	15.869	15.847	15.891	19.13839	V	m15_data/M15-4_20190829_060534_d163_Nickel_V_c.fit
58721.317847	0.125	15.942	15.923	15.961	20.57315	V	m15_data/M15-4_20190826_073742_d158_Nickel_V_c.fit
58721.316354	0.04167	16.018	15.997	16.039	20.0935	V	m15_data/M15-4_20190826_073533_d157_Nickel_V_c.fit
58721.315694	0.01389	16.034	16.006	16.062	19.42548	V	m15_data/M15-4_20190826_073436_d156_Nickel_V_c.fit
58713.345579	0.125	15.585	15.576	15.594	19.50465	V	m15_data/M15-4_20190818_081738_d160_Nickel_V_c.fit
58713.34412	0.04167	15.576	15.564	15.588	19.11214	V	m15_data/M15-4_20190818_081532_d159_Nickel_V_c.fit
58713.343032	0.01389	15.605	15.587	15.623	18.09101	V	m15_data/M15-4_20190818_081358_d158_Nickel_V_c.fit
58708.306586	0.125	15.9	15.886	15.914	19.74789	V	m15_data/M15-4_20190813_072129_d169_Nickel_V_c.fit
58708.305127	0.04167	15.911	15.893	15.929	19.27453	V	m15_data/M15-4_20190813_071923_d168_Nickel_V_c.fit
58708.304236	0.01389	15.896	15.875	15.917	18.53474	V	m15_data/M15-4_20190813_071806_d167_Nickel_V_c.fit
58697.349352	0.125	15.929	15.917	15.941	19.71682	V	m15_data/M15-4_20190802_082304_d168_Nickel_V_c.fit
58697.346528	0.04167	16.005	15.992	16.018	19.14187	V	m15_data/M15-4_20190802_081900_d167_Nickel_V_c.fit
58697.345764	0.01389	15.873	15.851	15.895	18.42646	V	m15_data/M15-4_20190802_081754_d166_Nickel_V_c.fit
58694.371076	0.125	15.652	15.638	15.666	20.42682	V	m15_data/M15-4_20190730_085421_d148_Nickel_V_c.fit
58694.369954	0.04167	15.635	15.62	15.65	19.79922	V	m15_data/M15-4_20190730_085244_d147_Nickel_V_c.fit
58694.369213	0.01389	15.673	15.655	15.691	19.05352	V	m15_data/M15-4_20190730_085140_d146_Nickel_V_c.fit
58690.329896	0.125	15.643	15.63	15.656	20.60412	V	m15_data/M15-4_20190726_075503_d175_Nickel_V_c.fit
58690.328738	0.04167	15.637	15.623	15.651	20.07771	V	m15_data/M15-4_20190726_075323_d174_Nickel_V_c.fit
58690.328044	0.01389	15.634	15.621	15.647	19.26879	V	m15_data/M15-4_20190726_075223_d173_Nickel_V_c.fit
58683.328646	0.125	15.494	15.485	15.503	20.06198	V	m15_data/M15-4_20190719_075315_d152_Nickel_V_c.fit
58683.327512	0.04167	15.488	15.478	15.498	19.43496	V	m15_data/M15-4_20190719_075137_d151_Nickel_V_c.fit
58683.326725	0.01389	15.527	15.511	15.543	18.80397	V	m15_data/M15-4_20190719_075029_d150_Nickel_V_c.fit
58676.385498	0.125	15.783	15.762	15.804	20.74661	V	m15_data/M15-4_20190712_091507_d170_Nickel_V_c.fit
58676.383681	0.04167	15.837	15.813	15.861	20.31075	V	m15_data/M15-4_20190712_091230_d169_Nickel_V_c.fit
58676.38287	0.01389	15.871	15.839	15.903	19.53914	V	m15_data/M15-4_20190712_091120_d168_Nickel_V_c.fit
58672.486215	0.125	15.647	15.637	15.657	20.45631	V	m15_data/M15-4_20190708_114009_d219_Nickel_V_c.fit
58672.484792	0.04167	15.657	15.644	15.67	19.85616	V	m15_data/M15-4_20190708_113806_d218_Nickel_V_c.fit
58672.48397	0.01389	15.658	15.64	15.676	19.17567	V	m15_data/M15-4_20190708_113655_d217_Nickel_V_c.fit
58672.303356	0.125	15.923	15.912	15.934	19.50401	V	m15_data/M15-4_20190708_071650_d170_Nickel_V_c.fit
58672.301991	0.04167	15.935	15.921	15.949	18.8214	V	m15_data/M15-4_20190708_071452_d169_Nickel_V_c.fit
58672.301123	0.01389	16.005	15.979	16.031	18.11925	V	m15_data/M15-4_20190708_071337_d168_Nickel_V_c.fit
58664.413507	0.125	15.761	15.748	15.774	19.4323	V	m15_data/M15-4_20190630_095527_d197_Nickel_V_c.fit
58664.412431	0.04167	15.759	15.744	15.774	19.13966	V	m15_data/M15-4_20190630_095354_d196_Nickel_V_c.fit
58664.411806	0.01389	15.699	15.608	15.79	16.43232	V	m15_data/M15-4_20190630_095300_d195_Nickel_V_c.fit
58658.400116	0.125	15.998	15.979	16.017	20.47187	V	m15_data/M15-4_20190624_093610_d139_Nickel_V_c.fit
58658.398588	0.04167	15.986	15.963	16.009	19.91786	V	m15_data/M15-4_20190624_093358_d138_Nickel_V_c.fit
58653.413032	0.125	15.705	15.695	15.715	20.45259	V	m15_data/M15-4_20190619_095446_d181_Nickel_V_c.fit
58653.411863	0.04167	15.714	15.703	15.725	19.98869	V	m15_data/M15-4_20190619_095305_d180_Nickel_V_c.fit
58653.411088	0.01389	15.683	15.669	15.697	19.21663	V	m15_data/M15-4_20190619_095158_d179_Nickel_V_c.fit
