;; MJD	etburst	mag	-emag	+emag	limmag	filter	imagename
59054.413137	0.125	12.859	12.844	12.874	20.70325	V	m15_data/M15-1_20200724_095455_d198_Nickel_V_c.fit
59054.412014	0.04167	12.853	12.84	12.866	20.02383	V	m15_data/M15-1_20200724_095318_d197_Nickel_V_c.fit
59054.411389	0.01389	12.831	12.815	12.847	19.11726	V	m15_data/M15-1_20200724_095224_d196_Nickel_V_c.fit
59054.324942	0.125	12.865	12.851	12.879	20.50994	V	m15_data/M15-1_20200724_074755_d166_Nickel_V_c.fit
59054.323796	0.04167	12.857	12.843	12.871	19.94681	V	m15_data/M15-1_20200724_074616_d165_Nickel_V_c.fit
59054.322245	0.01389	12.845	12.832	12.858	18.97181	V	m15_data/M15-1_20200724_074402_d164_Nickel_V_c.fit
59043.345093	0.125	12.9	12.885	12.915	20.60841	V	m15_data/M15-1_20200713_081656_d182_Nickel_V_c.fit
59043.338345	0.08333	12.904	12.89	12.918	20.46138	V	m15_data/M15-1_20200713_080713_d180_Nickel_V_c.fit
59043.336412	0.04167	12.895	12.881	12.909	20.08415	V	m15_data/M15-1_20200713_080426_d179_Nickel_V_c.fit
59043.333889	0.01389	12.912	12.899	12.925	19.33071	V	m15_data/M15-1_20200713_080048_d178_Nickel_V_c.fit
59039.40191	0.125	12.889	12.872	12.906	20.28609	V	m15_data/M15-1_20200709_093845_d169_Nickel_V_c.fit
59039.400729	0.04167	12.882	12.867	12.897	19.69664	V	m15_data/M15-1_20200709_093703_d168_Nickel_V_c.fit
59039.400069	0.01389	12.898	12.878	12.918	19.02745	V	m15_data/M15-1_20200709_093606_d167_Nickel_V_c.fit
59030.447049	0.04167	14.021	13.999	14.043	20.33295	B	m15_data/M15-1_20200630_104345_d182_Nickel_B_c.fit
59030.444456	0.125	12.846	12.832	12.86	20.90973	V	m15_data/M15-1_20200630_104001_d181_Nickel_V_c.fit
59030.443368	0.04167	12.851	12.837	12.865	20.29231	V	m15_data/M15-1_20200630_103827_d180_Nickel_V_c.fit
59030.442639	0.01389	12.864	12.848	12.88	19.59651	V	m15_data/M15-1_20200630_103724_d179_Nickel_V_c.fit
59022.389826	0.125	12.895	12.881	12.909	20.65389	V	m15_data/M15-1_20200622_092121_d133_Nickel_V_c.fit
59022.388681	0.04167	12.891	12.88	12.902	19.99414	V	m15_data/M15-1_20200622_091942_d132_Nickel_V_c.fit
59022.387766	0.01389	12.915	12.899	12.931	19.42843	V	m15_data/M15-1_20200622_091823_d131_Nickel_V_c.fit
59010.430127	0.125	12.912	12.889	12.935	20.95015	V	m15_data/M15-1_20200610_101923_d175_Nickel_V_c.fit
59010.428299	0.08333	12.896	12.878	12.914	20.77615	V	m15_data/M15-1_20200610_101645_d174_Nickel_V_c.fit
59010.427153	0.04167	12.895	12.875	12.915	20.35994	V	m15_data/M15-1_20200610_101506_d173_Nickel_V_c.fit
59010.425972	0.01389	12.896	12.873	12.919	19.6483	V	m15_data/M15-1_20200610_101324_d172_Nickel_V_c.fit
58994.491713	0.04167	12.176	12.163	12.189	20.0532	R	m15_data/M15-1_20200525_114804_d186_Nickel_R_c.fit
58994.454653	0.125	12.896	12.882	12.91	21.07573	V	m15_data/M15-1_20200525_105442_d165_Nickel_V_c.fit
58994.453356	0.04167	12.894	12.878	12.91	20.0714	V	m15_data/M15-1_20200525_105250_d164_Nickel_V_c.fit
58994.452639	0.01389	12.894	12.875	12.913	19.59638	V	m15_data/M15-1_20200525_105148_d163_Nickel_V_c.fit
58994.44941	0.125	14.095	14.07	14.12	21.24976	B	m15_data/M15-1_20200525_104709_d162_Nickel_B_c.fit
58994.447917	0.04167	14.078	14.048	14.108	20.24003	B	m15_data/M15-1_20200525_104500_d161_Nickel_B_c.fit
58994.44684	0.01389	14.072	14.046	14.098	19.15571	B	m15_data/M15-1_20200525_104327_d160_Nickel_B_c.fit
58856.088704	0.01389	13.935	13.909	13.961	17.77243	B	m15_data/M15-1_20200108_020744_d131_Nickel_B_c.fit
58856.086192	0.125	12.809	12.8	12.818	19.11887	V	m15_data/M15-1_20200108_020407_d130_Nickel_V_c.fit
58856.085069	0.04167	12.823	12.812	12.834	18.44212	V	m15_data/M15-1_20200108_020230_d129_Nickel_V_c.fit
58856.084444	0.01389	12.812	12.797	12.827	17.58963	V	m15_data/M15-1_20200108_020136_d128_Nickel_V_c.fit
58805.088241	0.125	12.823	12.808	12.838	20.84478	V	m15_data/M15-1_20191118_020704_d132_Nickel_V_c.fit
58805.08713	0.04167	12.835	12.817	12.853	20.21023	V	m15_data/M15-1_20191118_020528_d131_Nickel_V_c.fit
58805.086285	0.01389	12.84	12.824	12.856	19.32157	V	m15_data/M15-1_20191118_020415_d130_Nickel_V_c.fit
58794.121481	0.125	12.842	12.823	12.861	20.55026	V	m15_data/M15-1_20191107_025456_d134_Nickel_V_c.fit
58794.12037	0.04167	12.873	12.856	12.89	20.36676	V	m15_data/M15-1_20191107_025320_d133_Nickel_V_c.fit
58794.119664	0.01389	12.879	12.862	12.896	19.70654	V	m15_data/M15-1_20191107_025219_d132_Nickel_V_c.fit
58779.241319	0.125	12.838	12.828	12.848	20.53979	V	m15_data/M15-1_20191023_054730_d137_Nickel_V_c.fit
58779.240162	0.04167	12.839	12.829	12.849	19.83641	V	m15_data/M15-1_20191023_054550_d136_Nickel_V_c.fit
58779.239028	0.01389	12.841	12.829	12.853	19.18155	V	m15_data/M15-1_20191023_054412_d135_Nickel_V_c.fit
58775.248669	0.125	12.836	12.823	12.849	20.41213	V	m15_data/M15-1_20191019_055805_d142_Nickel_V_c.fit
58775.246551	0.04167	12.825	12.815	12.835	19.71779	V	m15_data/M15-1_20191019_055502_d141_Nickel_V_c.fit
58775.245544	0.01389	12.82	12.808	12.832	18.81051	V	m15_data/M15-1_20191019_055335_d140_Nickel_V_c.fit
58769.339769	0.125	12.818	12.802	12.834	19.59719	V	m15_data/M15-1_20191013_080916_d303_Nickel_V_c.fit
58769.338206	0.04167	12.788	12.774	12.802	18.65478	V	m15_data/M15-1_20191013_080701_d302_Nickel_V_c.fit
58769.336493	0.01389	12.862	12.84	12.884	18.79781	V	m15_data/M15-1_20191013_080433_d301_Nickel_V_c.fit
58768.300833	0.125	12.795	12.777	12.813	19.60267	V	m15_data/M15-1_20191012_071312_d178_Nickel_V_c.fit
58768.299688	0.04167	12.786	12.766	12.806	19.06614	V	m15_data/M15-1_20191012_071133_d177_Nickel_V_c.fit
58763.210961	0.125	12.807	12.79	12.824	20.54305	V	m15_data/M15-1_20191007_050347_d139_Nickel_V_c.fit
58763.20897	0.04167	12.803	12.784	12.822	19.93149	V	m15_data/M15-1_20191007_050055_d138_Nickel_V_c.fit
58763.208287	0.01389	12.791	12.773	12.809	19.29629	V	m15_data/M15-1_20191007_045956_d137_Nickel_V_c.fit
58759.194711	0.125	12.844	12.838	12.85	20.28197	V	m15_data/M15-1_20191003_044023_d139_Nickel_V_c.fit
58759.193646	0.04167	12.824	12.807	12.841	20.12614	V	m15_data/M15-1_20191003_043851_d138_Nickel_V_c.fit
58759.19206	0.01389	12.822	12.807	12.837	19.38551	V	m15_data/M15-1_20191003_043634_d137_Nickel_V_c.fit
58751.21	0.125	12.862	12.845	12.879	21.09137	V	m15_data/M15-1_20190925_050224_d147_Nickel_V_c.fit
58751.208796	0.04167	12.859	12.842	12.876	20.46168	V	m15_data/M15-1_20190925_050040_d146_Nickel_V_c.fit
58751.20809	0.01389	12.855	12.835	12.875	19.55658	V	m15_data/M15-1_20190925_045939_d145_Nickel_V_c.fit
58751.207315	0.01389	14.081	14.053	14.109	19.60827	B	m15_data/M15-1_20190925_045832_d144_Nickel_B_c.fit
58738.226528	0.125	12.839	12.83	12.848	19.24103	V	m15_data/M15-1_20190912_052612_d159_Nickel_V_c.fit
58738.225255	0.04167	12.823	12.809	12.837	18.99911	V	m15_data/M15-1_20190912_052422_d158_Nickel_V_c.fit
58738.223773	0.01389	12.822	12.805	12.839	18.42043	V	m15_data/M15-1_20190912_052214_d157_Nickel_V_c.fit
58735.290313	0.125	12.803	12.797	12.809	20.09538	V	m15_data/M15-1_20190909_065803_d155_Nickel_V_c.fit
58735.28853	0.01389	12.8	12.783	12.817	18.56305	V	m15_data/M15-1_20190909_065529_d154_Nickel_V_c.fit
58735.279248	0.04167	12.785	12.772	12.798	19.48588	V	m15_data/M15-1_20190909_064207_d153_Nickel_V_c.fit
58731.357697	0.125	12.842	12.826	12.858	20.98616	V	m15_data/M15-1_20190905_083505_d187_Nickel_V_c.fit
58731.356562	0.04167	12.85	12.836	12.864	20.26743	V	m15_data/M15-1_20190905_083327_d186_Nickel_V_c.fit
58731.355382	0.01389	12.853	12.838	12.868	19.4185	V	m15_data/M15-1_20190905_083145_d185_Nickel_V_c.fit
58731.162234	0.125	12.846	12.832	12.86	20.73702	V	m15_data/M15-1_20190905_035337_d129_Nickel_V_c.fit
58731.160914	0.04167	12.858	12.845	12.871	20.0867	V	m15_data/M15-1_20190905_035143_d128_Nickel_V_c.fit
58731.157928	0.01389	12.842	12.827	12.857	19.24862	V	m15_data/M15-1_20190905_034725_d127_Nickel_V_c.fit
58728.181748	0.08333	12.839	12.829	12.849	20.30285	V	m15_data/M15-1_20190902_042143_d155_Nickel_V_c.fit
58728.180671	0.04167	12.851	12.842	12.86	20.11178	V	m15_data/M15-1_20190902_042010_d154_Nickel_V_c.fit
58728.180023	0.01389	12.849	12.836	12.862	19.30101	V	m15_data/M15-1_20190902_041914_d153_Nickel_V_c.fit
58724.240972	0.125	12.826	12.814	12.838	20.50246	V	m15_data/M15-1_20190829_054700_d156_Nickel_V_c.fit
58724.239896	0.04167	12.829	12.815	12.843	19.97428	V	m15_data/M15-1_20190829_054527_d155_Nickel_V_c.fit
58724.239155	0.01389	12.841	12.827	12.855	19.1	V	m15_data/M15-1_20190829_054423_d154_Nickel_V_c.fit
58721.301181	0.125	12.833	12.817	12.849	20.70272	V	m15_data/M15-1_20190826_071342_d149_Nickel_V_c.fit
58721.29963	0.04167	12.833	12.813	12.853	20.09751	V	m15_data/M15-1_20190826_071128_d148_Nickel_V_c.fit
58721.298738	0.01389	12.826	12.805	12.847	19.31239	V	m15_data/M15-1_20190826_071011_d147_Nickel_V_c.fit
58713.306956	0.125	12.833	12.828	12.838	19.94494	V	m15_data/M15-1_20190818_072201_d150_Nickel_V_c.fit
58713.305532	0.04167	12.806	12.794	12.818	19.5738	V	m15_data/M15-1_20190818_071958_d149_Nickel_V_c.fit
58713.30162	0.01389	12.802	12.787	12.817	18.85838	V	m15_data/M15-1_20190818_071420_d148_Nickel_V_c.fit
58708.288727	0.125	12.809	12.803	12.815	19.7402	V	m15_data/M15-1_20190813_065546_d160_Nickel_V_c.fit
58708.286586	0.04167	12.824	12.807	12.841	19.18649	V	m15_data/M15-1_20190813_065241_d159_Nickel_V_c.fit
58708.285891	0.01389	12.755	12.735	12.775	18.68415	V	m15_data/M15-1_20190813_065141_d158_Nickel_V_c.fit
58708.284421	0.01389	13.908	13.878	13.938	18.66345	B	m15_data/M15-1_20190813_064934_d157_Nickel_B_c.fit
58697.330845	0.125	12.856	12.851	12.861	20.0179	V	m15_data/M15-1_20190802_075625_d159_Nickel_V_c.fit
58697.328356	0.04167	12.85	12.838	12.862	19.31982	V	m15_data/M15-1_20190802_075250_d158_Nickel_V_c.fit
58697.327257	0.01389	12.822	12.807	12.837	18.39954	V	m15_data/M15-1_20190802_075115_d157_Nickel_V_c.fit
58690.312037	0.125	12.847	12.836	12.858	20.51068	V	m15_data/M15-1_20190726_072920_d166_Nickel_V_c.fit
58690.310799	0.04167	12.856	12.842	12.87	20.14675	V	m15_data/M15-1_20190726_072733_d165_Nickel_V_c.fit
58690.309838	0.01389	12.858	12.844	12.872	19.4391	V	m15_data/M15-1_20190726_072610_d164_Nickel_V_c.fit
58676.369421	0.125	12.846	12.831	12.861	20.70065	V	m15_data/M15-1_20190712_085158_d161_Nickel_V_c.fit
58676.367847	0.04167	12.844	12.821	12.867	20.50302	V	m15_data/M15-1_20190712_084942_d160_Nickel_V_c.fit
58676.366632	0.01389	12.84	12.819	12.861	19.49802	V	m15_data/M15-1_20190712_084757_d159_Nickel_V_c.fit
58664.39588	0.125	12.849	12.842	12.856	19.83381	V	m15_data/M15-1_20190630_093004_d188_Nickel_V_c.fit
58664.394792	0.04167	12.812	12.793	12.831	19.84029	V	m15_data/M15-1_20190630_092830_d187_Nickel_V_c.fit
58664.394178	0.01389	12.821	12.798	12.844	19.01261	V	m15_data/M15-1_20190630_092737_d186_Nickel_V_c.fit
58661.378692	0.01389	13.024	13.004	13.044	17.61976	V	m15_data/M15-1_20190627_090519_d144_Nickel_V_c.fit
58661.375359	0.125	13.14	13.126	13.154	18.94575	V	m15_data/M15-1_20190627_090031_d143_Nickel_V_c.fit
58661.373958	0.04167	13.126	13.112	13.14	18.33686	V	m15_data/M15-1_20190627_085830_d142_Nickel_V_c.fit
58661.372257	0.01389	13.015	13.004	13.026	17.76102	V	m15_data/M15-1_20190627_085603_d141_Nickel_V_c.fit
58653.397685	0.04167	12.853	12.826	12.88	19.94394	V	m15_data/M15-1_20190619_093240_d171_Nickel_V_c.fit
58653.397002	0.01389	12.87	12.844	12.896	19.23967	V	m15_data/M15-1_20190619_093141_d170_Nickel_V_c.fit
58653.393877	0.125	12.839	12.814	12.864	20.44543	V	m15_data/M15-1_20190619_092711_d169_Nickel_V_c.fit
58653.392604	0.04167	12.863	12.841	12.885	19.91171	V	m15_data/M15-1_20190619_092521_d168_Nickel_V_c.fit
58653.391655	0.01389	12.883	12.858	12.908	19.2654	V	m15_data/M15-1_20190619_092359_d167_Nickel_V_c.fit
