;; MJD	etburst	mag	-emag	+emag	limmag	filter	imagename
59058.462199	0.125	13.055	13.034	13.076	20.86441	V	m15_data/M15-1_20200728_110534_d225_Nickel_V_c.fit
59058.460243	0.04167	13.077	13.06	13.094	20.40369	V	m15_data/M15-1_20200728_110245_d224_Nickel_V_c.fit
59058.459618	0.01389	13.078	13.057	13.099	19.52668	V	m15_data/M15-1_20200728_110151_d223_Nickel_V_c.fit
59058.431771	0.125	13.083	13.068	13.098	20.9113	V	m15_data/M15-1_20200728_102145_d205_Nickel_V_c.fit
59058.430694	0.04167	13.066	13.048	13.084	20.21748	V	m15_data/M15-1_20200728_102012_d204_Nickel_V_c.fit
59058.429352	0.01389	13.076	13.058	13.094	19.55481	V	m15_data/M15-1_20200728_101816_d203_Nickel_V_c.fit
59058.393079	0.125	13.115	13.101	13.129	21.06078	V	m15_data/M15-1_20200728_092602_d189_Nickel_V_c.fit
59058.39191	0.04167	13.109	13.093	13.125	20.4969	V	m15_data/M15-1_20200728_092421_d188_Nickel_V_c.fit
59058.391285	0.01389	13.097	13.076	13.118	19.68575	V	m15_data/M15-1_20200728_092327_d187_Nickel_V_c.fit
59058.360613	0.125	13.13	13.116	13.144	21.33827	V	m15_data/M15-1_20200728_083917_d173_Nickel_V_c.fit
59058.359537	0.04167	13.099	13.085	13.113	20.4208	V	m15_data/M15-1_20200728_083744_d172_Nickel_V_c.fit
59058.358148	0.01389	13.103	13.086	13.12	19.84268	V	m15_data/M15-1_20200728_083544_d171_Nickel_V_c.fit
59058.340995	0.125	13.104	13.091	13.117	20.86014	V	m15_data/M15-1_20200728_081102_d161_Nickel_V_c.fit
59058.339769	0.04167	13.097	13.082	13.112	20.24331	V	m15_data/M15-1_20200728_080916_d160_Nickel_V_c.fit
59058.339132	0.01389	13.13	13.117	13.143	19.829	V	m15_data/M15-1_20200728_080821_d159_Nickel_V_c.fit
59058.322269	0.125	13.111	13.095	13.127	20.79521	V	m15_data/M15-1_20200728_074404_d149_Nickel_V_c.fit
59058.321169	0.04167	13.127	13.114	13.14	20.20499	V	m15_data/M15-1_20200728_074229_d148_Nickel_V_c.fit
59058.320498	0.01389	13.12	13.098	13.142	19.38214	V	m15_data/M15-1_20200728_074131_d147_Nickel_V_c.fit
59058.317743	0.125	14.536	14.515	14.557	21.01885	B	m15_data/M15-1_20200728_073733_d146_Nickel_B_c.fit
59058.316632	0.04167	14.536	14.514	14.558	20.29533	B	m15_data/M15-1_20200728_073557_d145_Nickel_B_c.fit
59058.31559	0.01389	14.525	14.497	14.553	19.3093	B	m15_data/M15-1_20200728_073427_d144_Nickel_B_c.fit
59054.413137	0.125	13.112	13.095	13.129	20.70325	V	m15_data/M15-1_20200724_095455_d198_Nickel_V_c.fit
59054.412014	0.04167	13.115	13.096	13.134	20.02316	V	m15_data/M15-1_20200724_095318_d197_Nickel_V_c.fit
59054.411389	0.01389	13.05	13.019	13.081	19.12648	V	m15_data/M15-1_20200724_095224_d196_Nickel_V_c.fit
59054.324942	0.125	13.024	12.993	13.055	20.5146	V	m15_data/M15-1_20200724_074755_d166_Nickel_V_c.fit
59054.323796	0.04167	13.063	13.039	13.087	19.94437	V	m15_data/M15-1_20200724_074616_d165_Nickel_V_c.fit
59054.322245	0.01389	13.043	13.005	13.081	19.02537	V	m15_data/M15-1_20200724_074402_d164_Nickel_V_c.fit
59051.326296	0.125	13.145	13.121	13.169	20.9546	V	m15_data/M15-1_20200721_074952_d147_Nickel_V_c.fit
59051.325185	0.04167	13.171	13.153	13.189	20.31369	V	m15_data/M15-1_20200721_074816_d146_Nickel_V_c.fit
59051.324479	0.01389	13.159	13.143	13.175	19.49702	V	m15_data/M15-1_20200721_074715_d145_Nickel_V_c.fit
59043.345093	0.125	13.036	13.012	13.06	20.60797	V	m15_data/M15-1_20200713_081656_d182_Nickel_V_c.fit
59043.338345	0.08333	13.062	13.038	13.086	20.46327	V	m15_data/M15-1_20200713_080713_d180_Nickel_V_c.fit
59043.336412	0.04167	13.079	13.059	13.099	20.08604	V	m15_data/M15-1_20200713_080426_d179_Nickel_V_c.fit
59043.333889	0.01389	13.1	13.083	13.117	19.32683	V	m15_data/M15-1_20200713_080048_d178_Nickel_V_c.fit
59039.40191	0.125	13.083	13.068	13.098	20.28931	V	m15_data/M15-1_20200709_093845_d169_Nickel_V_c.fit
59039.400729	0.04167	13.075	13.059	13.091	19.69853	V	m15_data/M15-1_20200709_093703_d168_Nickel_V_c.fit
59039.400069	0.01389	13.088	13.061	13.115	19.0449	V	m15_data/M15-1_20200709_093606_d167_Nickel_V_c.fit
59030.447049	0.04167	14.553	14.528	14.578	20.3324	B	m15_data/M15-1_20200630_104345_d182_Nickel_B_c.fit
59030.444456	0.125	13.118	13.104	13.132	20.90951	V	m15_data/M15-1_20200630_104001_d181_Nickel_V_c.fit
59030.443368	0.04167	13.134	13.121	13.147	20.2932	V	m15_data/M15-1_20200630_103827_d180_Nickel_V_c.fit
59030.442639	0.01389	13.132	13.118	13.146	19.60051	V	m15_data/M15-1_20200630_103724_d179_Nickel_V_c.fit
59026.4386	0.125	12.989	12.954	13.024	20.38819	V	m15_data/M15-1_20200626_103135_d154_Nickel_V_c.fit
59026.434144	0.04167	13.045	13.015	13.075	19.93141	V	m15_data/M15-1_20200626_102510_d153_Nickel_V_c.fit
59026.432465	0.01389	13.06	13.031	13.089	19.20164	V	m15_data/M15-1_20200626_102245_d152_Nickel_V_c.fit
59022.389826	0.125	13.044	13.017	13.071	20.65611	V	m15_data/M15-1_20200622_092121_d133_Nickel_V_c.fit
59022.388681	0.04167	13.019	12.989	13.049	19.99625	V	m15_data/M15-1_20200622_091942_d132_Nickel_V_c.fit
59022.387766	0.01389	13.103	13.084	13.122	19.42143	V	m15_data/M15-1_20200622_091823_d131_Nickel_V_c.fit
59018.430532	0.125	13.012	12.986	13.038	20.41447	V	m15_data/M15-1_20200618_101958_d194_Nickel_V_c.fit
59018.429433	0.04167	13.003	12.978	13.028	19.84905	V	m15_data/M15-1_20200618_101823_d193_Nickel_V_c.fit
59018.428218	0.01389	12.998	12.963	13.033	19.02419	V	m15_data/M15-1_20200618_101638_d192_Nickel_V_c.fit
59010.430127	0.125	13.17	13.152	13.188	20.9507	V	m15_data/M15-1_20200610_101923_d175_Nickel_V_c.fit
59010.428299	0.08333	13.145	13.131	13.159	20.79315	V	m15_data/M15-1_20200610_101645_d174_Nickel_V_c.fit
59010.427153	0.04167	13.139	13.126	13.152	20.3646	V	m15_data/M15-1_20200610_101506_d173_Nickel_V_c.fit
59010.425972	0.01389	13.142	13.126	13.158	19.6513	V	m15_data/M15-1_20200610_101324_d172_Nickel_V_c.fit
58994.491713	0.04167	12.342	12.331	12.353	20.05343	R	m15_data/M15-1_20200525_114804_d186_Nickel_R_c.fit
58994.454653	0.125	13.087	13.074	13.1	21.07596	V	m15_data/M15-1_20200525_105442_d165_Nickel_V_c.fit
58994.453356	0.04167	12.943	12.915	12.971	20.06718	V	m15_data/M15-1_20200525_105250_d164_Nickel_V_c.fit
58994.452639	0.01389	13.074	13.059	13.089	19.59616	V	m15_data/M15-1_20200525_105148_d163_Nickel_V_c.fit
58994.44941	0.125	14.457	14.437	14.477	21.2522	B	m15_data/M15-1_20200525_104709_d162_Nickel_B_c.fit
58994.447917	0.04167	14.456	14.425	14.487	20.24059	B	m15_data/M15-1_20200525_104500_d161_Nickel_B_c.fit
58994.44684	0.01389	14.43	14.405	14.455	19.14438	B	m15_data/M15-1_20200525_104327_d160_Nickel_B_c.fit
58990.485185	0.125	13.029	13.008	13.05	20.38006	V	m15_data/M15-1_20200521_113840_d199_Nickel_V_c.fit
58990.483981	0.04167	13.079	13.066	13.092	19.96615	V	m15_data/M15-1_20200521_113656_d198_Nickel_V_c.fit
58990.483356	0.01389	13.04	13.017	13.063	19.12532	V	m15_data/M15-1_20200521_113602_d197_Nickel_V_c.fit
58974.496944	0.125	13.056	13.036	13.076	20.18521	V	m15_data/M15-1_20200505_115536_d189_Nickel_V_c.fit
58974.495718	0.04167	12.903	12.865	12.941	19.36273	V	m15_data/M15-1_20200505_115350_d188_Nickel_V_c.fit
58974.494896	0.01389	13.045	13.012	13.078	18.99289	V	m15_data/M15-1_20200505_115239_d187_Nickel_V_c.fit
58856.088704	0.01389	14.339	14.295	14.383	17.79021	B	m15_data/M15-1_20200108_020744_d131_Nickel_B_c.fit
58856.086192	0.125	12.846	12.811	12.881	19.13532	V	m15_data/M15-1_20200108_020407_d130_Nickel_V_c.fit
58856.085069	0.04167	12.874	12.841	12.907	18.45767	V	m15_data/M15-1_20200108_020230_d129_Nickel_V_c.fit
58856.084444	0.01389	12.823	12.804	12.842	17.5394	V	m15_data/M15-1_20200108_020136_d128_Nickel_V_c.fit
58805.179271	0.125	13.057	13.034	13.08	20.49598	V	m15_data/M15-1_20191118_041809_d160_Nickel_V_c.fit
58805.178183	0.04167	13.053	13.03	13.076	19.9309	V	m15_data/M15-1_20191118_041635_d159_Nickel_V_c.fit
58805.177431	0.01389	13.089	13.065	13.113	19.19008	V	m15_data/M15-1_20191118_041530_d158_Nickel_V_c.fit
58805.088241	0.125	13.11	13.083	13.137	20.84811	V	m15_data/M15-1_20191118_020704_d132_Nickel_V_c.fit
58805.08713	0.04167	13.124	13.098	13.15	20.21057	V	m15_data/M15-1_20191118_020528_d131_Nickel_V_c.fit
58805.086285	0.01389	13.08	13.047	13.113	19.32113	V	m15_data/M15-1_20191118_020415_d130_Nickel_V_c.fit
58794.121481	0.125	13.117	13.097	13.137	20.55115	V	m15_data/M15-1_20191107_025456_d134_Nickel_V_c.fit
58794.12037	0.04167	13.143	13.13	13.156	20.36743	V	m15_data/M15-1_20191107_025320_d133_Nickel_V_c.fit
58794.119664	0.01389	13.149	13.134	13.164	19.71243	V	m15_data/M15-1_20191107_025219_d132_Nickel_V_c.fit
58792.125613	0.125	13.155	13.134	13.176	20.80199	V	m15_data/M15-1_20191105_030053_d146_Nickel_V_c.fit
58792.124271	0.04167	13.145	13.128	13.162	20.3668	V	m15_data/M15-1_20191105_025857_d145_Nickel_V_c.fit
58792.123275	0.01389	13.146	13.124	13.168	19.71944	V	m15_data/M15-1_20191105_025731_d144_Nickel_V_c.fit
58789.274028	0.125	13.086	13.069	13.103	20.4026	V	m15_data/M15-1_20191102_063436_d167_Nickel_V_c.fit
58789.271852	0.04167	13.083	13.066	13.1	19.84403	V	m15_data/M15-1_20191102_063128_d166_Nickel_V_c.fit
58789.270833	0.01389	13.047	13.015	13.079	19.09103	V	m15_data/M15-1_20191102_063000_d165_Nickel_V_c.fit
58789.175174	0.125	13.101	13.081	13.121	20.6565	V	m15_data/M15-1_20191102_041215_d147_Nickel_V_c.fit
58789.169375	0.04167	13.149	13.136	13.162	20.2047	V	m15_data/M15-1_20191102_040354_d145_Nickel_V_c.fit
58789.168426	0.01389	13.141	13.128	13.154	19.38209	V	m15_data/M15-1_20191102_040232_d144_Nickel_V_c.fit
58788.157836	0.125	13.038	13.01	13.066	20.38761	V	m15_data/M15-1_20191101_034717_d154_Nickel_V_c.fit
58788.156678	0.04167	13.056	13.027	13.085	19.85135	V	m15_data/M15-1_20191101_034537_d153_Nickel_V_c.fit
58788.156042	0.01389	13.091	13.06	13.122	19.27174	V	m15_data/M15-1_20191101_034442_d152_Nickel_V_c.fit
58779.241319	0.125	13.046	13.021	13.071	20.53846	V	m15_data/M15-1_20191023_054730_d137_Nickel_V_c.fit
58779.240162	0.04167	13.006	12.976	13.036	19.83297	V	m15_data/M15-1_20191023_054550_d136_Nickel_V_c.fit
58779.239028	0.01389	13.087	13.067	13.107	19.19877	V	m15_data/M15-1_20191023_054412_d135_Nickel_V_c.fit
58775.248669	0.125	13.046	13.024	13.068	20.41191	V	m15_data/M15-1_20191019_055805_d142_Nickel_V_c.fit
58775.246551	0.04167	13.031	13.008	13.054	19.72023	V	m15_data/M15-1_20191019_055502_d141_Nickel_V_c.fit
58775.245544	0.01389	12.964	12.932	12.996	18.84507	V	m15_data/M15-1_20191019_055335_d140_Nickel_V_c.fit
58769.339769	0.125	13.088	13.07	13.106	19.59852	V	m15_data/M15-1_20191013_080916_d303_Nickel_V_c.fit
58769.338206	0.04167	13.064	13.052	13.076	18.65111	V	m15_data/M15-1_20191013_080701_d302_Nickel_V_c.fit
58769.336493	0.01389	13.108	13.081	13.135	18.81825	V	m15_data/M15-1_20191013_080433_d301_Nickel_V_c.fit
58768.300833	0.125	13.023	12.996	13.05	19.60634	V	m15_data/M15-1_20191012_071312_d178_Nickel_V_c.fit
58768.299688	0.04167	13.037	13.013	13.061	19.06658	V	m15_data/M15-1_20191012_071133_d177_Nickel_V_c.fit
58763.210961	0.125	13.004	12.968	13.04	20.5556	V	m15_data/M15-1_20191007_050347_d139_Nickel_V_c.fit
58763.20897	0.04167	13.089	13.069	13.109	19.92971	V	m15_data/M15-1_20191007_050055_d138_Nickel_V_c.fit
58763.208287	0.01389	13.064	13.039	13.089	19.2864	V	m15_data/M15-1_20191007_045956_d137_Nickel_V_c.fit
58759.194711	0.125	12.949	12.919	12.979	20.29241	V	m15_data/M15-1_20191003_044023_d139_Nickel_V_c.fit
58759.193646	0.04167	13.028	12.994	13.062	20.12836	V	m15_data/M15-1_20191003_043851_d138_Nickel_V_c.fit
58759.19206	0.01389	13.047	13.023	13.071	19.38574	V	m15_data/M15-1_20191003_043634_d137_Nickel_V_c.fit
58751.21	0.125	13.098	13.082	13.114	21.0877	V	m15_data/M15-1_20190925_050224_d147_Nickel_V_c.fit
58751.208796	0.04167	13.104	13.093	13.115	20.45946	V	m15_data/M15-1_20190925_050040_d146_Nickel_V_c.fit
58751.20809	0.01389	13.093	13.073	13.113	19.55325	V	m15_data/M15-1_20190925_045939_d145_Nickel_V_c.fit
58751.207315	0.01389	14.463	14.43	14.496	19.60549	B	m15_data/M15-1_20190925_045832_d144_Nickel_B_c.fit
58738.226528	0.125	12.857	12.818	12.896	19.24081	V	m15_data/M15-1_20190912_052612_d159_Nickel_V_c.fit
58738.225255	0.04167	12.983	12.949	13.017	19.00478	V	m15_data/M15-1_20190912_052422_d158_Nickel_V_c.fit
58738.223773	0.01389	13.001	12.961	13.041	18.47309	V	m15_data/M15-1_20190912_052214_d157_Nickel_V_c.fit
58735.290313	0.125	12.909	12.874	12.944	20.11305	V	m15_data/M15-1_20190909_065803_d155_Nickel_V_c.fit
58735.28853	0.01389	12.85	12.834	12.866	18.52827	V	m15_data/M15-1_20190909_065529_d154_Nickel_V_c.fit
58735.279248	0.04167	12.928	12.893	12.963	19.4861	V	m15_data/M15-1_20190909_064207_d153_Nickel_V_c.fit
58735.276123	0.01389	12.885	12.842	12.928	18.67737	V	m15_data/M15-1_20190909_063737_d152_Nickel_V_c.fit
58731.357697	0.125	12.973	12.933	13.013	20.98738	V	m15_data/M15-1_20190905_083505_d187_Nickel_V_c.fit
58731.356562	0.04167	13.094	13.076	13.112	20.26909	V	m15_data/M15-1_20190905_083327_d186_Nickel_V_c.fit
58731.355382	0.01389	13.083	13.063	13.103	19.40861	V	m15_data/M15-1_20190905_083145_d185_Nickel_V_c.fit
58731.162234	0.125	13.091	13.074	13.108	20.74157	V	m15_data/M15-1_20190905_035337_d129_Nickel_V_c.fit
58731.160914	0.04167	13.097	13.08	13.114	20.08303	V	m15_data/M15-1_20190905_035143_d128_Nickel_V_c.fit
58731.157928	0.01389	13.055	13.021	13.089	19.23362	V	m15_data/M15-1_20190905_034725_d127_Nickel_V_c.fit
58728.181748	0.08333	12.986	12.956	13.016	20.31552	V	m15_data/M15-1_20190902_042143_d155_Nickel_V_c.fit
58728.180671	0.04167	13.082	13.063	13.101	20.11045	V	m15_data/M15-1_20190902_042010_d154_Nickel_V_c.fit
58728.180023	0.01389	13.055	13.024	13.086	19.33389	V	m15_data/M15-1_20190902_041914_d153_Nickel_V_c.fit
58724.240972	0.125	12.996	12.968	13.024	20.46613	V	m15_data/M15-1_20190829_054700_d156_Nickel_V_c.fit
58724.239896	0.04167	13.005	12.98	13.03	19.98783	V	m15_data/M15-1_20190829_054527_d155_Nickel_V_c.fit
58724.239155	0.01389	13.001	12.972	13.03	19.10634	V	m15_data/M15-1_20190829_054423_d154_Nickel_V_c.fit
58721.301181	0.125	13.025	12.997	13.053	20.69606	V	m15_data/M15-1_20190826_071342_d149_Nickel_V_c.fit
58721.29963	0.04167	13.028	13.0	13.056	20.09751	V	m15_data/M15-1_20190826_071128_d148_Nickel_V_c.fit
58721.298738	0.01389	13.011	13.0	13.022	19.29739	V	m15_data/M15-1_20190826_071011_d147_Nickel_V_c.fit
58713.306956	0.125	12.885	12.847	12.923	19.94516	V	m15_data/M15-1_20190818_072201_d150_Nickel_V_c.fit
58713.305532	0.04167	12.994	12.959	13.029	19.58169	V	m15_data/M15-1_20190818_071958_d149_Nickel_V_c.fit
58713.30162	0.01389	12.958	12.914	13.002	18.88449	V	m15_data/M15-1_20190818_071420_d148_Nickel_V_c.fit
58708.288727	0.125	12.89	12.848	12.932	19.76498	V	m15_data/M15-1_20190813_065546_d160_Nickel_V_c.fit
58708.286586	0.04167	12.892	12.854	12.93	19.18816	V	m15_data/M15-1_20190813_065241_d159_Nickel_V_c.fit
58708.285891	0.01389	12.942	12.929	12.955	18.66681	V	m15_data/M15-1_20190813_065141_d158_Nickel_V_c.fit
58708.284421	0.01389	14.347	14.326	14.368	18.63856	B	m15_data/M15-1_20190813_064934_d157_Nickel_B_c.fit
58697.330845	0.125	12.752	12.713	12.791	20.03045	V	m15_data/M15-1_20190802_075625_d159_Nickel_V_c.fit
58697.328356	0.04167	12.774	12.737	12.811	19.32715	V	m15_data/M15-1_20190802_075250_d158_Nickel_V_c.fit
58697.327257	0.01389	12.746	12.706	12.786	18.38988	V	m15_data/M15-1_20190802_075115_d157_Nickel_V_c.fit
58690.312037	0.125	13.004	12.972	13.036	20.51468	V	m15_data/M15-1_20190726_072920_d166_Nickel_V_c.fit
58690.310799	0.04167	13.075	13.054	13.096	20.15509	V	m15_data/M15-1_20190726_072733_d165_Nickel_V_c.fit
58690.309838	0.01389	13.071	13.046	13.096	19.44277	V	m15_data/M15-1_20190726_072610_d164_Nickel_V_c.fit
58683.459653	0.04167	12.876	12.832	12.92	19.29573	V	m15_data/M15-1_20190719_110154_d175_Nickel_V_c.fit
58683.450336	0.01389	13.046	13.013	13.079	18.82084	V	m15_data/M15-1_20190719_104829_d174_Nickel_V_c.fit
58683.449016	0.01389	12.86	12.806	12.914	18.58411	V	m15_data/M15-1_20190719_104635_d173_Nickel_V_c.fit
58683.312801	0.125	13.109	13.086	13.132	20.13944	V	m15_data/M15-1_20190719_073026_d143_Nickel_V_c.fit
58683.311678	0.04167	13.114	13.088	13.14	19.53068	V	m15_data/M15-1_20190719_072849_d142_Nickel_V_c.fit
58683.310914	0.01389	13.118	13.092	13.144	18.81379	V	m15_data/M15-1_20190719_072743_d141_Nickel_V_c.fit
58676.369421	0.125	13.087	13.067	13.107	20.69943	V	m15_data/M15-1_20190712_085158_d161_Nickel_V_c.fit
58676.367847	0.04167	13.125	13.105	13.145	20.50258	V	m15_data/M15-1_20190712_084942_d160_Nickel_V_c.fit
58676.366632	0.01389	13.105	13.087	13.123	19.49469	V	m15_data/M15-1_20190712_084757_d159_Nickel_V_c.fit
58672.463067	0.125	12.803	12.77	12.836	19.93156	V	m15_data/M15-1_20190708_110649_d207_Nickel_V_c.fit
58672.461447	0.04167	12.714	12.684	12.744	19.17143	V	m15_data/M15-1_20190708_110429_d206_Nickel_V_c.fit
58672.460729	0.01389	12.823	12.783	12.863	18.61025	V	m15_data/M15-1_20190708_110327_d205_Nickel_V_c.fit
58672.286991	0.125	12.767	12.735	12.799	19.47152	V	m15_data/M15-1_20190708_065316_d161_Nickel_V_c.fit
58672.285752	0.04167	12.727	12.699	12.755	18.85679	V	m15_data/M15-1_20190708_065129_d160_Nickel_V_c.fit
58672.284537	0.01389	12.817	12.767	12.867	18.48688	V	m15_data/M15-1_20190708_064944_d159_Nickel_V_c.fit
58664.39588	0.125	12.935	12.895	12.975	19.84881	V	m15_data/M15-1_20190630_093004_d188_Nickel_V_c.fit
58664.394792	0.04167	12.995	12.959	13.031	19.83329	V	m15_data/M15-1_20190630_092830_d187_Nickel_V_c.fit
58664.394178	0.01389	12.996	12.961	13.031	19.02595	V	m15_data/M15-1_20190630_092737_d186_Nickel_V_c.fit
58661.378692	0.01389	12.49	12.469	12.511	17.60476	V	m15_data/M15-1_20190627_090519_d144_Nickel_V_c.fit
58661.375359	0.125	12.461	12.447	12.475	18.94575	V	m15_data/M15-1_20190627_090031_d143_Nickel_V_c.fit
58661.373958	0.04167	12.46	12.446	12.474	18.33686	V	m15_data/M15-1_20190627_085830_d142_Nickel_V_c.fit
58661.372257	0.01389	12.5	12.483	12.517	17.58535	V	m15_data/M15-1_20190627_085603_d141_Nickel_V_c.fit
58658.384572	0.125	12.964	12.933	12.995	20.17988	V	m15_data/M15-1_20190624_091347_d130_Nickel_V_c.fit
58658.382986	0.04167	12.807	12.771	12.843	19.17849	V	m15_data/M15-1_20190624_091130_d129_Nickel_V_c.fit
58658.382072	0.01389	13.037	13.01	13.064	19.07794	V	m15_data/M15-1_20190624_091011_d128_Nickel_V_c.fit
58653.397685	0.04167	13.119	13.093	13.145	19.93972	V	m15_data/M15-1_20190619_093240_d171_Nickel_V_c.fit
58653.397002	0.01389	13.122	13.094	13.15	19.23111	V	m15_data/M15-1_20190619_093141_d170_Nickel_V_c.fit
58653.393877	0.125	13.114	13.085	13.143	20.4471	V	m15_data/M15-1_20190619_092711_d169_Nickel_V_c.fit
58653.392604	0.04167	13.126	13.102	13.15	19.90982	V	m15_data/M15-1_20190619_092521_d168_Nickel_V_c.fit
58653.391655	0.01389	13.138	13.116	13.16	19.25906	V	m15_data/M15-1_20190619_092359_d167_Nickel_V_c.fit
