;; MJD	etburst	mag	-emag	+emag	limmag	filter	imagename
59058.462199	0.125	13.149	13.142	13.156	20.85296	V	m15_data/M15-1_20200728_110534_d225_Nickel_V_c.fit
59058.460243	0.04167	13.139	13.127	13.151	20.40069	V	m15_data/M15-1_20200728_110245_d224_Nickel_V_c.fit
59058.459618	0.01389	13.135	13.12	13.15	19.52779	V	m15_data/M15-1_20200728_110151_d223_Nickel_V_c.fit
59058.431771	0.125	13.146	13.141	13.151	20.90519	V	m15_data/M15-1_20200728_102145_d205_Nickel_V_c.fit
59058.430694	0.04167	13.142	13.131	13.153	20.22448	V	m15_data/M15-1_20200728_102012_d204_Nickel_V_c.fit
59058.429352	0.01389	13.129	13.115	13.143	19.55592	V	m15_data/M15-1_20200728_101816_d203_Nickel_V_c.fit
59058.393079	0.125	13.15	13.146	13.154	21.05311	V	m15_data/M15-1_20200728_092602_d189_Nickel_V_c.fit
59058.39191	0.04167	13.146	13.136	13.156	20.49468	V	m15_data/M15-1_20200728_092421_d188_Nickel_V_c.fit
59058.391285	0.01389	13.132	13.118	13.146	19.68564	V	m15_data/M15-1_20200728_092327_d187_Nickel_V_c.fit
59058.360613	0.125	13.149	13.144	13.154	21.33282	V	m15_data/M15-1_20200728_083917_d173_Nickel_V_c.fit
59058.359537	0.04167	13.138	13.128	13.148	20.4218	V	m15_data/M15-1_20200728_083744_d172_Nickel_V_c.fit
59058.358148	0.01389	13.125	13.112	13.138	19.83546	V	m15_data/M15-1_20200728_083544_d171_Nickel_V_c.fit
59058.340995	0.125	13.151	13.147	13.155	20.85792	V	m15_data/M15-1_20200728_081102_d161_Nickel_V_c.fit
59058.339769	0.04167	13.147	13.14	13.154	20.24765	V	m15_data/M15-1_20200728_080916_d160_Nickel_V_c.fit
59058.339132	0.01389	13.153	13.144	13.162	19.82745	V	m15_data/M15-1_20200728_080821_d159_Nickel_V_c.fit
59058.322269	0.125	13.151	13.147	13.155	20.79643	V	m15_data/M15-1_20200728_074404_d149_Nickel_V_c.fit
59058.321169	0.04167	13.151	13.144	13.158	20.20476	V	m15_data/M15-1_20200728_074229_d148_Nickel_V_c.fit
59058.320498	0.01389	13.164	13.155	13.173	19.37992	V	m15_data/M15-1_20200728_074131_d147_Nickel_V_c.fit
59058.317743	0.125	14.486	14.476	14.496	21.01885	B	m15_data/M15-1_20200728_073733_d146_Nickel_B_c.fit
59058.316632	0.04167	14.494	14.486	14.502	20.29277	B	m15_data/M15-1_20200728_073557_d145_Nickel_B_c.fit
59058.31559	0.01389	14.511	14.494	14.528	19.31463	B	m15_data/M15-1_20200728_073427_d144_Nickel_B_c.fit
59054.413137	0.125	13.18	13.171	13.189	20.70325	V	m15_data/M15-1_20200724_095455_d198_Nickel_V_c.fit
59054.412014	0.04167	13.168	13.163	13.173	20.01705	V	m15_data/M15-1_20200724_095318_d197_Nickel_V_c.fit
59054.411389	0.01389	13.176	13.165	13.187	19.11726	V	m15_data/M15-1_20200724_095224_d196_Nickel_V_c.fit
59054.324942	0.125	13.2	13.189	13.211	20.5146	V	m15_data/M15-1_20200724_074755_d166_Nickel_V_c.fit
59054.323796	0.04167	13.176	13.17	13.182	19.94015	V	m15_data/M15-1_20200724_074616_d165_Nickel_V_c.fit
59054.322245	0.01389	13.153	13.143	13.163	18.97181	V	m15_data/M15-1_20200724_074402_d164_Nickel_V_c.fit
59051.326296	0.125	13.193	13.185	13.201	20.9546	V	m15_data/M15-1_20200721_074952_d147_Nickel_V_c.fit
59051.325185	0.04167	13.171	13.16	13.182	20.31791	V	m15_data/M15-1_20200721_074816_d146_Nickel_V_c.fit
59051.324479	0.01389	13.166	13.155	13.177	19.49524	V	m15_data/M15-1_20200721_074715_d145_Nickel_V_c.fit
59043.345093	0.125	13.262	13.242	13.282	20.60797	V	m15_data/M15-1_20200713_081656_d182_Nickel_V_c.fit
59043.338345	0.08333	13.236	13.228	13.244	20.45438	V	m15_data/M15-1_20200713_080713_d180_Nickel_V_c.fit
59043.336412	0.04167	13.23	13.222	13.238	20.08181	V	m15_data/M15-1_20200713_080426_d179_Nickel_V_c.fit
59043.333889	0.01389	13.212	13.202	13.222	19.33071	V	m15_data/M15-1_20200713_080048_d178_Nickel_V_c.fit
59039.40191	0.125	13.148	13.143	13.153	20.27976	V	m15_data/M15-1_20200709_093845_d169_Nickel_V_c.fit
59039.400729	0.04167	13.146	13.137	13.155	19.69664	V	m15_data/M15-1_20200709_093703_d168_Nickel_V_c.fit
59039.400069	0.01389	13.156	13.144	13.168	19.02745	V	m15_data/M15-1_20200709_093606_d167_Nickel_V_c.fit
59030.447049	0.04167	14.508	14.499	14.517	20.33029	B	m15_data/M15-1_20200630_104345_d182_Nickel_B_c.fit
59030.444456	0.125	13.172	13.168	13.176	20.90528	V	m15_data/M15-1_20200630_104001_d181_Nickel_V_c.fit
59030.443368	0.04167	13.172	13.165	13.179	20.29231	V	m15_data/M15-1_20200630_103827_d180_Nickel_V_c.fit
59030.442639	0.01389	13.167	13.157	13.177	19.59651	V	m15_data/M15-1_20200630_103724_d179_Nickel_V_c.fit
59026.4386	0.125	13.235	13.226	13.244	20.38819	V	m15_data/M15-1_20200626_103135_d154_Nickel_V_c.fit
59026.434144	0.04167	13.179	13.163	13.195	19.92352	V	m15_data/M15-1_20200626_102510_d153_Nickel_V_c.fit
59026.432465	0.01389	13.166	13.155	13.177	19.1792	V	m15_data/M15-1_20200626_102245_d152_Nickel_V_c.fit
59022.389826	0.125	13.247	13.222	13.272	20.65611	V	m15_data/M15-1_20200622_092121_d133_Nickel_V_c.fit
59022.388681	0.04167	13.272	13.263	13.281	19.99625	V	m15_data/M15-1_20200622_091942_d132_Nickel_V_c.fit
59022.387766	0.01389	13.198	13.187	13.209	19.42843	V	m15_data/M15-1_20200622_091823_d131_Nickel_V_c.fit
59018.430532	0.125	13.166	13.161	13.171	20.40447	V	m15_data/M15-1_20200618_101958_d194_Nickel_V_c.fit
59018.429433	0.04167	13.153	13.142	13.164	19.87217	V	m15_data/M15-1_20200618_101823_d193_Nickel_V_c.fit
59018.428218	0.01389	13.157	13.145	13.169	18.97707	V	m15_data/M15-1_20200618_101638_d192_Nickel_V_c.fit
59010.430127	0.125	13.172	13.167	13.177	20.95126	V	m15_data/M15-1_20200610_101923_d175_Nickel_V_c.fit
59010.428299	0.08333	13.157	13.151	13.163	20.78315	V	m15_data/M15-1_20200610_101645_d174_Nickel_V_c.fit
59010.427153	0.04167	13.149	13.14	13.158	20.35994	V	m15_data/M15-1_20200610_101506_d173_Nickel_V_c.fit
59010.425972	0.01389	13.145	13.133	13.157	19.6483	V	m15_data/M15-1_20200610_101324_d172_Nickel_V_c.fit
58994.491713	0.04167	12.426	12.42	12.432	20.0532	R	m15_data/M15-1_20200525_114804_d186_Nickel_R_c.fit
58994.454653	0.125	13.16	13.156	13.164	21.07484	V	m15_data/M15-1_20200525_105442_d165_Nickel_V_c.fit
58994.453356	0.04167	13.182	13.176	13.188	20.06529	V	m15_data/M15-1_20200525_105250_d164_Nickel_V_c.fit
58994.452639	0.01389	13.151	13.138	13.164	19.59638	V	m15_data/M15-1_20200525_105148_d163_Nickel_V_c.fit
58994.44941	0.125	14.486	14.478	14.494	21.25087	B	m15_data/M15-1_20200525_104709_d162_Nickel_B_c.fit
58994.447917	0.04167	14.521	14.511	14.531	20.23848	B	m15_data/M15-1_20200525_104500_d161_Nickel_B_c.fit
58994.44684	0.01389	14.505	14.487	14.523	19.15571	B	m15_data/M15-1_20200525_104327_d160_Nickel_B_c.fit
58990.485185	0.125	13.163	13.159	13.167	20.37673	V	m15_data/M15-1_20200521_113840_d199_Nickel_V_c.fit
58990.483981	0.04167	13.151	13.144	13.158	19.97048	V	m15_data/M15-1_20200521_113656_d198_Nickel_V_c.fit
58990.483356	0.01389	13.165	13.155	13.175	19.1041	V	m15_data/M15-1_20200521_113602_d197_Nickel_V_c.fit
58974.496944	0.125	13.142	13.137	13.147	20.1751	V	m15_data/M15-1_20200505_115536_d189_Nickel_V_c.fit
58974.495718	0.04167	13.151	13.145	13.157	19.35184	V	m15_data/M15-1_20200505_115350_d188_Nickel_V_c.fit
58974.494896	0.01389	13.129	13.116	13.142	18.95212	V	m15_data/M15-1_20200505_115239_d187_Nickel_V_c.fit
58856.088704	0.01389	14.594	14.562	14.626	17.78876	B	m15_data/M15-1_20200108_020744_d131_Nickel_B_c.fit
58856.086192	0.125	13.212	13.206	13.218	19.12665	V	m15_data/M15-1_20200108_020407_d130_Nickel_V_c.fit
58856.085069	0.04167	13.219	13.21	13.228	18.46267	V	m15_data/M15-1_20200108_020230_d129_Nickel_V_c.fit
58856.084444	0.01389	13.204	13.188	13.22	17.60796	V	m15_data/M15-1_20200108_020136_d128_Nickel_V_c.fit
58805.179271	0.125	13.204	13.197	13.211	20.49598	V	m15_data/M15-1_20191118_041809_d160_Nickel_V_c.fit
58805.178183	0.04167	13.192	13.187	13.197	19.92545	V	m15_data/M15-1_20191118_041635_d159_Nickel_V_c.fit
58805.177431	0.01389	13.178	13.169	13.187	19.21219	V	m15_data/M15-1_20191118_041530_d158_Nickel_V_c.fit
58805.088241	0.125	13.233	13.203	13.263	20.84811	V	m15_data/M15-1_20191118_020704_d132_Nickel_V_c.fit
58805.08713	0.04167	13.235	13.225	13.245	20.20368	V	m15_data/M15-1_20191118_020528_d131_Nickel_V_c.fit
58805.086285	0.01389	13.342	13.326	13.358	19.30613	V	m15_data/M15-1_20191118_020415_d130_Nickel_V_c.fit
58794.121481	0.125	13.158	13.154	13.162	20.54981	V	m15_data/M15-1_20191107_025456_d134_Nickel_V_c.fit
58794.12037	0.04167	13.162	13.154	13.17	20.36676	V	m15_data/M15-1_20191107_025320_d133_Nickel_V_c.fit
58794.119664	0.01389	13.163	13.153	13.173	19.70654	V	m15_data/M15-1_20191107_025219_d132_Nickel_V_c.fit
58792.125613	0.125	13.168	13.163	13.173	20.81044	V	m15_data/M15-1_20191105_030053_d146_Nickel_V_c.fit
58792.124271	0.04167	13.15	13.142	13.158	20.3648	V	m15_data/M15-1_20191105_025857_d145_Nickel_V_c.fit
58792.123275	0.01389	13.155	13.141	13.169	19.71299	V	m15_data/M15-1_20191105_025731_d144_Nickel_V_c.fit
58789.274028	0.125	13.133	13.128	13.138	20.38927	V	m15_data/M15-1_20191102_063436_d167_Nickel_V_c.fit
58789.271852	0.04167	13.107	13.096	13.118	19.84759	V	m15_data/M15-1_20191102_063128_d166_Nickel_V_c.fit
58789.270833	0.01389	13.1	13.085	13.115	19.05026	V	m15_data/M15-1_20191102_063000_d165_Nickel_V_c.fit
58789.175174	0.125	13.181	13.175	13.187	20.6565	V	m15_data/M15-1_20191102_041215_d147_Nickel_V_c.fit
58789.169375	0.04167	13.154	13.147	13.161	20.20292	V	m15_data/M15-1_20191102_040354_d145_Nickel_V_c.fit
58789.168426	0.01389	13.142	13.133	13.151	19.37954	V	m15_data/M15-1_20191102_040232_d144_Nickel_V_c.fit
58788.157836	0.125	13.205	13.198	13.212	20.38761	V	m15_data/M15-1_20191101_034717_d154_Nickel_V_c.fit
58788.156678	0.04167	13.21	13.205	13.215	19.84913	V	m15_data/M15-1_20191101_034537_d153_Nickel_V_c.fit
58788.156042	0.01389	13.197	13.188	13.206	19.26485	V	m15_data/M15-1_20191101_034442_d152_Nickel_V_c.fit
58779.241319	0.125	13.196	13.19	13.202	20.53846	V	m15_data/M15-1_20191023_054730_d137_Nickel_V_c.fit
58779.240162	0.04167	13.188	13.183	13.193	19.82908	V	m15_data/M15-1_20191023_054550_d136_Nickel_V_c.fit
58779.239028	0.01389	13.17	13.16	13.18	19.18155	V	m15_data/M15-1_20191023_054412_d135_Nickel_V_c.fit
58775.248669	0.125	13.187	13.183	13.191	20.40435	V	m15_data/M15-1_20191019_055805_d142_Nickel_V_c.fit
58775.246551	0.04167	13.18	13.172	13.188	19.73568	V	m15_data/M15-1_20191019_055502_d141_Nickel_V_c.fit
58775.245544	0.01389	13.192	13.181	13.203	18.81051	V	m15_data/M15-1_20191019_055335_d140_Nickel_V_c.fit
58769.339769	0.125	13.175	13.167	13.183	19.59719	V	m15_data/M15-1_20191013_080916_d303_Nickel_V_c.fit
58769.338206	0.04167	13.174	13.163	13.185	18.65478	V	m15_data/M15-1_20191013_080701_d302_Nickel_V_c.fit
58769.336493	0.01389	13.182	13.168	13.196	18.79781	V	m15_data/M15-1_20191013_080433_d301_Nickel_V_c.fit
58768.300833	0.125	13.179	13.173	13.185	19.58645	V	m15_data/M15-1_20191012_071312_d178_Nickel_V_c.fit
58768.299688	0.04167	13.152	13.139	13.165	19.06614	V	m15_data/M15-1_20191012_071133_d177_Nickel_V_c.fit
58763.210961	0.125	13.185	13.176	13.194	20.5556	V	m15_data/M15-1_20191007_050347_d139_Nickel_V_c.fit
58763.20897	0.04167	13.145	13.134	13.156	19.93149	V	m15_data/M15-1_20191007_050055_d138_Nickel_V_c.fit
58763.208287	0.01389	13.133	13.122	13.144	19.29629	V	m15_data/M15-1_20191007_045956_d137_Nickel_V_c.fit
58759.194711	0.125	13.22	13.206	13.234	20.29241	V	m15_data/M15-1_20191003_044023_d139_Nickel_V_c.fit
58759.193646	0.04167	13.175	13.169	13.181	20.11625	V	m15_data/M15-1_20191003_043851_d138_Nickel_V_c.fit
58759.19206	0.01389	13.155	13.144	13.166	19.38551	V	m15_data/M15-1_20191003_043634_d137_Nickel_V_c.fit
58751.21	0.125	13.152	13.148	13.156	21.08681	V	m15_data/M15-1_20190925_050224_d147_Nickel_V_c.fit
58751.208796	0.04167	13.145	13.137	13.153	20.46168	V	m15_data/M15-1_20190925_050040_d146_Nickel_V_c.fit
58751.20809	0.01389	13.145	13.135	13.155	19.55658	V	m15_data/M15-1_20190925_045939_d145_Nickel_V_c.fit
58751.207315	0.01389	14.489	14.474	14.504	19.60827	B	m15_data/M15-1_20190925_045832_d144_Nickel_B_c.fit
58738.226528	0.125	13.258	13.229	13.287	19.24081	V	m15_data/M15-1_20190912_052612_d159_Nickel_V_c.fit
58738.225255	0.04167	13.31	13.294	13.326	19.00566	V	m15_data/M15-1_20190912_052422_d158_Nickel_V_c.fit
58738.223773	0.01389	13.394	13.34	13.448	18.42332	V	m15_data/M15-1_20190912_052214_d157_Nickel_V_c.fit
58735.290313	0.125	13.203	13.191	13.215	20.11305	V	m15_data/M15-1_20190909_065803_d155_Nickel_V_c.fit
58735.28853	0.01389	13.151	13.137	13.165	18.56305	V	m15_data/M15-1_20190909_065529_d154_Nickel_V_c.fit
58735.279248	0.04167	13.19	13.183	13.197	19.47421	V	m15_data/M15-1_20190909_064207_d153_Nickel_V_c.fit
58735.276123	0.01389	13.218	13.204	13.232	18.65437	V	m15_data/M15-1_20190909_063737_d152_Nickel_V_c.fit
58731.357697	0.125	14.291	14.09	14.492	20.98738	V	m15_data/M15-1_20190905_083505_d187_Nickel_V_c.fit
58731.356562	0.04167	13.946	13.815	14.077	20.27198	V	m15_data/M15-1_20190905_083327_d186_Nickel_V_c.fit
58731.355382	0.01389	13.59	13.511	13.669	19.42905	V	m15_data/M15-1_20190905_083145_d185_Nickel_V_c.fit
58731.162234	0.125	13.15	13.146	13.154	20.73991	V	m15_data/M15-1_20190905_035337_d129_Nickel_V_c.fit
58731.160914	0.04167	13.159	13.152	13.166	20.0867	V	m15_data/M15-1_20190905_035143_d128_Nickel_V_c.fit
58731.157928	0.01389	13.169	13.159	13.179	19.24862	V	m15_data/M15-1_20190905_034725_d127_Nickel_V_c.fit
58728.181748	0.08333	13.191	13.185	13.197	20.31552	V	m15_data/M15-1_20190902_042143_d155_Nickel_V_c.fit
58728.180671	0.04167	13.152	13.139	13.165	20.14367	V	m15_data/M15-1_20190902_042010_d154_Nickel_V_c.fit
58728.180023	0.01389	13.179	13.17	13.188	19.30101	V	m15_data/M15-1_20190902_041914_d153_Nickel_V_c.fit
58724.240972	0.125	13.22	13.209	13.231	20.46613	V	m15_data/M15-1_20190829_054700_d156_Nickel_V_c.fit
58724.239896	0.04167	13.164	13.158	13.17	19.98116	V	m15_data/M15-1_20190829_054527_d155_Nickel_V_c.fit
58724.239155	0.01389	13.196	13.188	13.204	19.10189	V	m15_data/M15-1_20190829_054423_d154_Nickel_V_c.fit
58721.301181	0.125	13.172	13.161	13.183	20.69606	V	m15_data/M15-1_20190826_071342_d149_Nickel_V_c.fit
58721.29963	0.04167	13.132	13.125	13.139	20.08462	V	m15_data/M15-1_20190826_071128_d148_Nickel_V_c.fit
58721.298738	0.01389	13.134	13.12	13.148	19.31239	V	m15_data/M15-1_20190826_071011_d147_Nickel_V_c.fit
58713.306956	0.125	13.231	13.209	13.253	19.94516	V	m15_data/M15-1_20190818_072201_d150_Nickel_V_c.fit
58713.305532	0.04167	13.204	13.192	13.216	19.58703	V	m15_data/M15-1_20190818_071958_d149_Nickel_V_c.fit
58713.30162	0.01389	13.228	13.203	13.253	18.85838	V	m15_data/M15-1_20190818_071420_d148_Nickel_V_c.fit
58708.288727	0.125	13.247	13.232	13.262	19.76498	V	m15_data/M15-1_20190813_065546_d160_Nickel_V_c.fit
58708.286586	0.04167	13.188	13.181	13.195	19.16227	V	m15_data/M15-1_20190813_065241_d159_Nickel_V_c.fit
58708.285891	0.01389	13.13	13.115	13.145	18.68415	V	m15_data/M15-1_20190813_065141_d158_Nickel_V_c.fit
58708.284421	0.01389	14.518	14.495	14.541	18.66345	B	m15_data/M15-1_20190813_064934_d157_Nickel_B_c.fit
58697.330845	0.125	13.212	13.199	13.225	20.03045	V	m15_data/M15-1_20190802_075625_d159_Nickel_V_c.fit
58697.328356	0.04167	13.196	13.184	13.208	19.32715	V	m15_data/M15-1_20190802_075250_d158_Nickel_V_c.fit
58697.327257	0.01389	13.157	13.147	13.167	18.38421	V	m15_data/M15-1_20190802_075115_d157_Nickel_V_c.fit
58694.349919	0.125	13.171	13.16	13.182	20.30275	V	m15_data/M15-1_20190730_082353_d138_Nickel_V_c.fit
58694.348704	0.04167	13.143	13.136	13.15	19.78007	V	m15_data/M15-1_20190730_082208_d137_Nickel_V_c.fit
58694.348021	0.01389	13.121	13.106	13.136	18.92394	V	m15_data/M15-1_20190730_082109_d136_Nickel_V_c.fit
58690.312037	0.125	13.218	13.209	13.227	20.51468	V	m15_data/M15-1_20190726_072920_d166_Nickel_V_c.fit
58690.310799	0.04167	13.179	13.174	13.184	20.15031	V	m15_data/M15-1_20190726_072733_d165_Nickel_V_c.fit
58690.309838	0.01389	13.16	13.15	13.17	19.4391	V	m15_data/M15-1_20190726_072610_d164_Nickel_V_c.fit
58683.459653	0.04167	13.156	13.15	13.162	19.28584	V	m15_data/M15-1_20190719_110154_d175_Nickel_V_c.fit
58683.450336	0.01389	13.142	13.131	13.153	18.81684	V	m15_data/M15-1_20190719_104829_d174_Nickel_V_c.fit
58683.449016	0.01389	13.172	13.161	13.183	18.55367	V	m15_data/M15-1_20190719_104635_d173_Nickel_V_c.fit
58683.312801	0.125	13.172	13.167	13.177	20.14366	V	m15_data/M15-1_20190719_073026_d143_Nickel_V_c.fit
58683.311678	0.04167	13.139	13.128	13.15	19.53868	V	m15_data/M15-1_20190719_072849_d142_Nickel_V_c.fit
58683.310914	0.01389	13.188	13.175	13.201	18.85156	V	m15_data/M15-1_20190719_072743_d141_Nickel_V_c.fit
58676.369421	0.125	13.162	13.158	13.166	20.6921	V	m15_data/M15-1_20190712_085158_d161_Nickel_V_c.fit
58676.367847	0.04167	13.136	13.122	13.15	20.50302	V	m15_data/M15-1_20190712_084942_d160_Nickel_V_c.fit
58676.366632	0.01389	13.136	13.123	13.149	19.49802	V	m15_data/M15-1_20190712_084757_d159_Nickel_V_c.fit
58672.463067	0.125	13.257	13.245	13.269	19.93156	V	m15_data/M15-1_20190708_110649_d207_Nickel_V_c.fit
58672.461447	0.04167	13.248	13.237	13.259	19.17143	V	m15_data/M15-1_20190708_110429_d206_Nickel_V_c.fit
58672.460729	0.01389	13.193	13.184	13.202	18.60003	V	m15_data/M15-1_20190708_110327_d205_Nickel_V_c.fit
58672.286991	0.125	13.264	13.254	13.274	19.47152	V	m15_data/M15-1_20190708_065316_d161_Nickel_V_c.fit
58672.285752	0.04167	13.27	13.259	13.281	18.85679	V	m15_data/M15-1_20190708_065129_d160_Nickel_V_c.fit
58672.284537	0.01389	13.216	13.207	13.225	18.43899	V	m15_data/M15-1_20190708_064944_d159_Nickel_V_c.fit
58664.39588	0.125	13.15	13.144	13.156	19.83369	V	m15_data/M15-1_20190630_093004_d188_Nickel_V_c.fit
58664.394792	0.04167	13.112	13.105	13.119	19.81174	V	m15_data/M15-1_20190630_092830_d187_Nickel_V_c.fit
58664.394178	0.01389	13.11	13.094	13.126	19.01261	V	m15_data/M15-1_20190630_092737_d186_Nickel_V_c.fit
58661.378692	0.01389	13.472	13.449	13.495	17.60476	V	m15_data/M15-1_20190627_090519_d144_Nickel_V_c.fit
58661.375359	0.125	13.554	13.537	13.571	18.94575	V	m15_data/M15-1_20190627_090031_d143_Nickel_V_c.fit
58661.373958	0.04167	13.513	13.495	13.531	18.33686	V	m15_data/M15-1_20190627_085830_d142_Nickel_V_c.fit
58661.372257	0.01389	13.41	13.397	13.423	17.54502	V	m15_data/M15-1_20190627_085603_d141_Nickel_V_c.fit
58658.384572	0.125	13.158	13.153	13.163	20.17277	V	m15_data/M15-1_20190624_091347_d130_Nickel_V_c.fit
58658.382986	0.04167	13.176	13.17	13.182	19.16871	V	m15_data/M15-1_20190624_091130_d129_Nickel_V_c.fit
58658.382072	0.01389	13.153	13.142	13.164	19.04638	V	m15_data/M15-1_20190624_091011_d128_Nickel_V_c.fit
58653.397685	0.04167	13.134	13.12	13.148	19.94394	V	m15_data/M15-1_20190619_093240_d171_Nickel_V_c.fit
58653.397002	0.01389	13.139	13.125	13.153	19.23967	V	m15_data/M15-1_20190619_093141_d170_Nickel_V_c.fit
58653.393877	0.125	13.136	13.123	13.149	20.44588	V	m15_data/M15-1_20190619_092711_d169_Nickel_V_c.fit
58653.392604	0.04167	13.14	13.126	13.154	19.91171	V	m15_data/M15-1_20190619_092521_d168_Nickel_V_c.fit
58653.391655	0.01389	13.147	13.133	13.161	19.2654	V	m15_data/M15-1_20190619_092359_d167_Nickel_V_c.fit
