;; MJD	etburst	mag	-emag	+emag	limmag	filter	imagename
59054.413137	0.125	13.151	13.115	13.187	20.70325	V	m15_data/M15-1_20200724_095455_d198_Nickel_V_c.fit
59054.412014	0.04167	13.165	13.125	13.205	20.02316	V	m15_data/M15-1_20200724_095318_d197_Nickel_V_c.fit
59054.411389	0.01389	13.09	13.05	13.13	19.12615	V	m15_data/M15-1_20200724_095224_d196_Nickel_V_c.fit
59054.324942	0.125	13.067	13.033	13.101	20.5146	V	m15_data/M15-1_20200724_074755_d166_Nickel_V_c.fit
59054.323796	0.04167	13.125	13.092	13.158	19.94437	V	m15_data/M15-1_20200724_074616_d165_Nickel_V_c.fit
59054.322245	0.01389	13.114	13.064	13.164	19.03459	V	m15_data/M15-1_20200724_074402_d164_Nickel_V_c.fit
59051.326296	0.125	13.129	13.087	13.171	20.9546	V	m15_data/M15-1_20200721_074952_d147_Nickel_V_c.fit
59051.325185	0.04167	13.155	13.098	13.212	20.33947	V	m15_data/M15-1_20200721_074816_d146_Nickel_V_c.fit
59051.324479	0.01389	13.184	13.142	13.226	19.49524	V	m15_data/M15-1_20200721_074715_d145_Nickel_V_c.fit
59043.345093	0.125	13.114	13.079	13.149	20.60797	V	m15_data/M15-1_20200713_081656_d182_Nickel_V_c.fit
59043.338345	0.08333	13.132	13.096	13.168	20.46327	V	m15_data/M15-1_20200713_080713_d180_Nickel_V_c.fit
59043.336412	0.04167	13.185	13.149	13.221	20.08604	V	m15_data/M15-1_20200713_080426_d179_Nickel_V_c.fit
59043.333889	0.01389	13.163	13.124	13.202	19.33071	V	m15_data/M15-1_20200713_080048_d178_Nickel_V_c.fit
59039.40191	0.125	13.209	13.158	13.26	20.30364	V	m15_data/M15-1_20200709_093845_d169_Nickel_V_c.fit
59039.400729	0.04167	13.246	13.195	13.297	19.71853	V	m15_data/M15-1_20200709_093703_d168_Nickel_V_c.fit
59039.400069	0.01389	13.282	13.249	13.315	19.02745	V	m15_data/M15-1_20200709_093606_d167_Nickel_V_c.fit
59030.447049	0.04167	14.214	14.186	14.242	20.29762	B	m15_data/M15-1_20200630_104345_d182_Nickel_B_c.fit
59030.444456	0.125	13.151	13.113	13.189	20.90951	V	m15_data/M15-1_20200630_104001_d181_Nickel_V_c.fit
59030.443368	0.04167	13.208	13.153	13.263	20.30364	V	m15_data/M15-1_20200630_103827_d180_Nickel_V_c.fit
59030.442639	0.01389	13.264	13.227	13.301	19.59651	V	m15_data/M15-1_20200630_103724_d179_Nickel_V_c.fit
59022.389826	0.125	13.079	13.044	13.114	20.65611	V	m15_data/M15-1_20200622_092121_d133_Nickel_V_c.fit
59022.388681	0.04167	13.055	13.022	13.088	19.99625	V	m15_data/M15-1_20200622_091942_d132_Nickel_V_c.fit
59022.387766	0.01389	13.15	13.136	13.164	19.38054	V	m15_data/M15-1_20200622_091823_d131_Nickel_V_c.fit
59018.430532	0.125	13.069	13.033	13.105	20.41447	V	m15_data/M15-1_20200618_101958_d194_Nickel_V_c.fit
59018.429433	0.04167	13.061	13.025	13.097	19.84905	V	m15_data/M15-1_20200618_101823_d193_Nickel_V_c.fit
59018.428218	0.01389	13.079	13.037	13.121	19.03174	V	m15_data/M15-1_20200618_101638_d192_Nickel_V_c.fit
59010.430127	0.125	13.296	13.258	13.334	20.9507	V	m15_data/M15-1_20200610_101923_d175_Nickel_V_c.fit
59010.428299	0.08333	13.295	13.251	13.339	20.79726	V	m15_data/M15-1_20200610_101645_d174_Nickel_V_c.fit
59010.427153	0.04167	13.309	13.273	13.345	20.36427	V	m15_data/M15-1_20200610_101506_d173_Nickel_V_c.fit
59010.425972	0.01389	13.328	13.294	13.362	19.6483	V	m15_data/M15-1_20200610_101324_d172_Nickel_V_c.fit
58994.491713	0.04167	12.574	12.523	12.625	20.0682	R	m15_data/M15-1_20200525_114804_d186_Nickel_R_c.fit
58994.454653	0.125	13.193	13.148	13.238	21.07596	V	m15_data/M15-1_20200525_105442_d165_Nickel_V_c.fit
58994.453356	0.04167	12.993	12.948	13.038	20.06718	V	m15_data/M15-1_20200525_105250_d164_Nickel_V_c.fit
58994.452639	0.01389	13.279	13.235	13.323	19.59638	V	m15_data/M15-1_20200525_105148_d163_Nickel_V_c.fit
58994.44941	0.125	14.37	14.314	14.426	21.2522	B	m15_data/M15-1_20200525_104709_d162_Nickel_B_c.fit
58994.447917	0.04167	14.178	14.128	14.228	20.24059	B	m15_data/M15-1_20200525_104500_d161_Nickel_B_c.fit
58994.44684	0.01389	14.216	14.191	14.241	19.05315	B	m15_data/M15-1_20200525_104327_d160_Nickel_B_c.fit
58990.485185	0.125	13.081	13.044	13.118	20.38006	V	m15_data/M15-1_20200521_113840_d199_Nickel_V_c.fit
58990.483981	0.04167	13.136	13.085	13.187	19.99492	V	m15_data/M15-1_20200521_113656_d198_Nickel_V_c.fit
58990.483356	0.01389	13.11	13.067	13.153	19.12854	V	m15_data/M15-1_20200521_113602_d197_Nickel_V_c.fit
58856.088704	0.01389	14.129	14.088	14.17	17.79021	B	m15_data/M15-1_20200108_020744_d131_Nickel_B_c.fit
58856.086192	0.125	13.055	13.025	13.085	19.13532	V	m15_data/M15-1_20200108_020407_d130_Nickel_V_c.fit
58856.085069	0.04167	12.965	12.93	13.0	18.47778	V	m15_data/M15-1_20200108_020230_d129_Nickel_V_c.fit
58856.084444	0.01389	12.907	12.889	12.925	17.54863	V	m15_data/M15-1_20200108_020136_d128_Nickel_V_c.fit
58805.179271	0.125	13.069	13.033	13.105	20.49598	V	m15_data/M15-1_20191118_041809_d160_Nickel_V_c.fit
58805.178183	0.04167	13.081	13.047	13.115	19.9309	V	m15_data/M15-1_20191118_041635_d159_Nickel_V_c.fit
58805.177431	0.01389	13.123	13.089	13.157	19.18797	V	m15_data/M15-1_20191118_041530_d158_Nickel_V_c.fit
58805.088241	0.125	13.074	13.033	13.115	20.84811	V	m15_data/M15-1_20191118_020704_d132_Nickel_V_c.fit
58805.08713	0.04167	13.103	13.061	13.145	20.21057	V	m15_data/M15-1_20191118_020528_d131_Nickel_V_c.fit
58805.086285	0.01389	13.067	13.027	13.107	19.31702	V	m15_data/M15-1_20191118_020415_d130_Nickel_V_c.fit
58794.121481	0.125	13.152	13.112	13.192	20.55115	V	m15_data/M15-1_20191107_025456_d134_Nickel_V_c.fit
58794.12037	0.04167	13.289	13.246	13.332	20.38154	V	m15_data/M15-1_20191107_025320_d133_Nickel_V_c.fit
58794.119664	0.01389	13.335	13.306	13.364	19.70654	V	m15_data/M15-1_20191107_025219_d132_Nickel_V_c.fit
58792.125613	0.125	13.23	13.189	13.271	20.80199	V	m15_data/M15-1_20191105_030053_d146_Nickel_V_c.fit
58792.124271	0.04167	13.3	13.259	13.341	20.37202	V	m15_data/M15-1_20191105_025857_d145_Nickel_V_c.fit
58792.123275	0.01389	13.334	13.294	13.374	19.71299	V	m15_data/M15-1_20191105_025731_d144_Nickel_V_c.fit
58789.274028	0.125	13.175	13.137	13.213	20.4026	V	m15_data/M15-1_20191102_063436_d167_Nickel_V_c.fit
58789.271852	0.04167	13.198	13.164	13.232	19.84403	V	m15_data/M15-1_20191102_063128_d166_Nickel_V_c.fit
58789.270833	0.01389	13.177	13.142	13.212	19.05759	V	m15_data/M15-1_20191102_063000_d165_Nickel_V_c.fit
58789.175174	0.125	13.105	13.068	13.142	20.6565	V	m15_data/M15-1_20191102_041215_d147_Nickel_V_c.fit
58789.169375	0.04167	13.175	13.133	13.217	20.20914	V	m15_data/M15-1_20191102_040354_d145_Nickel_V_c.fit
58789.168426	0.01389	13.215	13.175	13.255	19.37954	V	m15_data/M15-1_20191102_040232_d144_Nickel_V_c.fit
58788.157836	0.125	13.024	12.99	13.058	20.38761	V	m15_data/M15-1_20191101_034717_d154_Nickel_V_c.fit
58788.156678	0.04167	13.055	13.023	13.087	19.85135	V	m15_data/M15-1_20191101_034537_d153_Nickel_V_c.fit
58788.156042	0.01389	13.082	13.034	13.13	19.31085	V	m15_data/M15-1_20191101_034442_d152_Nickel_V_c.fit
58779.241319	0.125	13.042	13.007	13.077	20.53846	V	m15_data/M15-1_20191023_054730_d137_Nickel_V_c.fit
58779.240162	0.04167	13.031	12.998	13.064	19.83297	V	m15_data/M15-1_20191023_054550_d136_Nickel_V_c.fit
58779.239028	0.01389	13.121	13.08	13.162	19.19855	V	m15_data/M15-1_20191023_054412_d135_Nickel_V_c.fit
58775.248669	0.125	13.098	13.061	13.135	20.41191	V	m15_data/M15-1_20191019_055805_d142_Nickel_V_c.fit
58775.246551	0.04167	13.091	13.054	13.128	19.72023	V	m15_data/M15-1_20191019_055502_d141_Nickel_V_c.fit
58775.245544	0.01389	13.043	13.005	13.081	18.84829	V	m15_data/M15-1_20191019_055335_d140_Nickel_V_c.fit
58769.339769	0.125	13.105	13.056	13.154	19.60752	V	m15_data/M15-1_20191013_080916_d303_Nickel_V_c.fit
58769.338206	0.04167	12.921	12.859	12.983	18.69123	V	m15_data/M15-1_20191013_080701_d302_Nickel_V_c.fit
58769.336493	0.01389	13.287	13.251	13.323	18.79781	V	m15_data/M15-1_20191013_080433_d301_Nickel_V_c.fit
58768.300833	0.125	13.093	13.058	13.128	19.60634	V	m15_data/M15-1_20191012_071312_d178_Nickel_V_c.fit
58768.299688	0.04167	13.084	13.033	13.135	19.09003	V	m15_data/M15-1_20191012_071133_d177_Nickel_V_c.fit
58763.210961	0.125	13.057	13.019	13.095	20.5556	V	m15_data/M15-1_20191007_050347_d139_Nickel_V_c.fit
58763.20897	0.04167	13.093	13.046	13.14	19.94793	V	m15_data/M15-1_20191007_050055_d138_Nickel_V_c.fit
58763.208287	0.01389	13.143	13.105	13.181	19.25929	V	m15_data/M15-1_20191007_045956_d137_Nickel_V_c.fit
58759.194711	0.125	12.925	12.887	12.963	20.29241	V	m15_data/M15-1_20191003_044023_d139_Nickel_V_c.fit
58759.193646	0.04167	13.06	13.025	13.095	20.12836	V	m15_data/M15-1_20191003_043851_d138_Nickel_V_c.fit
58759.19206	0.01389	13.081	13.033	13.129	19.41829	V	m15_data/M15-1_20191003_043634_d137_Nickel_V_c.fit
58751.21	0.125	13.207	13.171	13.243	21.0877	V	m15_data/M15-1_20190925_050224_d147_Nickel_V_c.fit
58751.208796	0.04167	13.27	13.236	13.304	20.45946	V	m15_data/M15-1_20190925_050040_d146_Nickel_V_c.fit
58751.20809	0.01389	13.181	13.148	13.214	19.55313	V	m15_data/M15-1_20190925_045939_d145_Nickel_V_c.fit
58751.207315	0.01389	14.385	14.337	14.433	19.60549	B	m15_data/M15-1_20190925_045832_d144_Nickel_B_c.fit
58738.226528	0.125	13.152	13.121	13.183	19.24081	V	m15_data/M15-1_20190912_052612_d159_Nickel_V_c.fit
58738.225255	0.04167	13.118	13.086	13.15	19.00466	V	m15_data/M15-1_20190912_052422_d158_Nickel_V_c.fit
58738.223773	0.01389	13.181	13.147	13.215	18.42332	V	m15_data/M15-1_20190912_052214_d157_Nickel_V_c.fit
58735.290313	0.125	13.034	13.001	13.067	20.11305	V	m15_data/M15-1_20190909_065803_d155_Nickel_V_c.fit
58735.28853	0.01389	12.956	12.942	12.97	18.53838	V	m15_data/M15-1_20190909_065529_d154_Nickel_V_c.fit
58731.357697	0.125	13.173	13.128	13.218	20.98738	V	m15_data/M15-1_20190905_083505_d187_Nickel_V_c.fit
58731.356562	0.04167	13.116	13.07	13.162	20.2732	V	m15_data/M15-1_20190905_083327_d186_Nickel_V_c.fit
58731.355382	0.01389	13.157	13.112	13.202	19.42683	V	m15_data/M15-1_20190905_083145_d185_Nickel_V_c.fit
58731.162234	0.125	13.139	13.1	13.178	20.74157	V	m15_data/M15-1_20190905_035337_d129_Nickel_V_c.fit
58731.160914	0.04167	13.133	13.088	13.178	20.10115	V	m15_data/M15-1_20190905_035143_d128_Nickel_V_c.fit
58731.157928	0.01389	13.02	12.967	13.073	19.25217	V	m15_data/M15-1_20190905_034725_d127_Nickel_V_c.fit
58728.181748	0.08333	13.043	13.01	13.076	20.31552	V	m15_data/M15-1_20190902_042143_d155_Nickel_V_c.fit
58728.180671	0.04167	13.138	13.097	13.179	20.11045	V	m15_data/M15-1_20190902_042010_d154_Nickel_V_c.fit
58728.180023	0.01389	13.124	13.075	13.173	19.33878	V	m15_data/M15-1_20190902_041914_d153_Nickel_V_c.fit
58724.240972	0.125	13.041	13.008	13.074	20.46613	V	m15_data/M15-1_20190829_054700_d156_Nickel_V_c.fit
58724.239896	0.04167	13.075	13.042	13.108	19.98783	V	m15_data/M15-1_20190829_054527_d155_Nickel_V_c.fit
58724.239155	0.01389	12.992	12.979	13.005	19.07823	V	m15_data/M15-1_20190829_054423_d154_Nickel_V_c.fit
58721.301181	0.125	13.07	13.034	13.106	20.69606	V	m15_data/M15-1_20190826_071342_d149_Nickel_V_c.fit
58721.29963	0.04167	13.099	13.064	13.134	20.09751	V	m15_data/M15-1_20190826_071128_d148_Nickel_V_c.fit
58721.298738	0.01389	13.051	13.038	13.064	19.29161	V	m15_data/M15-1_20190826_071011_d147_Nickel_V_c.fit
58713.306956	0.125	12.949	12.917	12.981	19.94516	V	m15_data/M15-1_20190818_072201_d150_Nickel_V_c.fit
58713.305532	0.04167	12.995	12.961	13.029	19.58169	V	m15_data/M15-1_20190818_071958_d149_Nickel_V_c.fit
58713.30162	0.01389	13.032	12.994	13.07	18.88583	V	m15_data/M15-1_20190818_071420_d148_Nickel_V_c.fit
58708.288727	0.125	13.003	12.968	13.038	19.76498	V	m15_data/M15-1_20190813_065546_d160_Nickel_V_c.fit
58708.286586	0.04167	13.014	12.981	13.047	19.18816	V	m15_data/M15-1_20190813_065241_d159_Nickel_V_c.fit
58708.285891	0.01389	13.046	13.0	13.092	18.70881	V	m15_data/M15-1_20190813_065141_d158_Nickel_V_c.fit
58708.284421	0.01389	14.178	14.151	14.205	18.61179	B	m15_data/M15-1_20190813_064934_d157_Nickel_B_c.fit
58697.330845	0.125	13.055	13.025	13.085	20.03045	V	m15_data/M15-1_20190802_075625_d159_Nickel_V_c.fit
58697.328356	0.04167	13.032	13.002	13.062	19.32715	V	m15_data/M15-1_20190802_075250_d158_Nickel_V_c.fit
58697.327257	0.01389	13.018	12.985	13.051	18.38988	V	m15_data/M15-1_20190802_075115_d157_Nickel_V_c.fit
58694.349919	0.125	13.166	13.131	13.201	20.30275	V	m15_data/M15-1_20190730_082353_d138_Nickel_V_c.fit
58694.348704	0.04167	13.186	13.151	13.221	19.7894	V	m15_data/M15-1_20190730_082208_d137_Nickel_V_c.fit
58694.348021	0.01389	13.105	13.069	13.141	18.91194	V	m15_data/M15-1_20190730_082109_d136_Nickel_V_c.fit
58690.312037	0.125	13.01	12.975	13.045	20.51468	V	m15_data/M15-1_20190726_072920_d166_Nickel_V_c.fit
58690.310799	0.04167	13.145	13.11	13.18	20.15509	V	m15_data/M15-1_20190726_072733_d165_Nickel_V_c.fit
58690.309838	0.01389	13.14	13.126	13.154	19.42177	V	m15_data/M15-1_20190726_072610_d164_Nickel_V_c.fit
58683.459653	0.04167	12.91	12.873	12.947	19.31784	V	m15_data/M15-1_20190719_110154_d175_Nickel_V_c.fit
58683.450336	0.01389	13.03	12.992	13.068	18.82118	V	m15_data/M15-1_20190719_104829_d174_Nickel_V_c.fit
58683.449016	0.01389	12.912	12.87	12.954	18.58756	V	m15_data/M15-1_20190719_104635_d173_Nickel_V_c.fit
58683.312801	0.125	13.09	13.043	13.137	20.13944	V	m15_data/M15-1_20190719_073026_d143_Nickel_V_c.fit
58683.311678	0.04167	13.134	13.087	13.181	19.53068	V	m15_data/M15-1_20190719_072849_d142_Nickel_V_c.fit
58683.310914	0.01389	13.139	13.104	13.174	18.80845	V	m15_data/M15-1_20190719_072743_d141_Nickel_V_c.fit
58676.369421	0.125	13.143	13.109	13.177	20.69943	V	m15_data/M15-1_20190712_085158_d161_Nickel_V_c.fit
58676.367847	0.04167	13.231	13.178	13.284	20.52924	V	m15_data/M15-1_20190712_084942_d160_Nickel_V_c.fit
58676.366632	0.01389	13.234	13.203	13.265	19.49802	V	m15_data/M15-1_20190712_084757_d159_Nickel_V_c.fit
58672.463067	0.125	13.089	13.059	13.119	19.93156	V	m15_data/M15-1_20190708_110649_d207_Nickel_V_c.fit
58672.461447	0.04167	13.043	13.015	13.071	19.17143	V	m15_data/M15-1_20190708_110429_d206_Nickel_V_c.fit
58672.460729	0.01389	13.068	13.034	13.102	18.61025	V	m15_data/M15-1_20190708_110327_d205_Nickel_V_c.fit
58672.286991	0.125	13.058	13.029	13.087	19.47152	V	m15_data/M15-1_20190708_065316_d161_Nickel_V_c.fit
58672.285752	0.04167	13.008	12.981	13.035	18.85679	V	m15_data/M15-1_20190708_065129_d160_Nickel_V_c.fit
58672.284537	0.01389	13.004	12.991	13.017	18.35344	V	m15_data/M15-1_20190708_064944_d159_Nickel_V_c.fit
58664.39588	0.125	13.038	13.004	13.072	19.84881	V	m15_data/M15-1_20190630_093004_d188_Nickel_V_c.fit
58664.394792	0.04167	13.124	13.08	13.168	19.83329	V	m15_data/M15-1_20190630_092830_d187_Nickel_V_c.fit
58664.394178	0.01389	13.094	13.076	13.112	18.98884	V	m15_data/M15-1_20190630_092737_d186_Nickel_V_c.fit
58661.378692	0.01389	13.063	13.032	13.094	17.60476	V	m15_data/M15-1_20190627_090519_d144_Nickel_V_c.fit
58661.375359	0.125	13.132	13.106	13.158	18.95098	V	m15_data/M15-1_20190627_090031_d143_Nickel_V_c.fit
58661.373958	0.04167	13.237	13.212	13.262	18.3663	V	m15_data/M15-1_20190627_085830_d142_Nickel_V_c.fit
58661.372257	0.01389	13.149	13.123	13.175	17.62846	V	m15_data/M15-1_20190627_085603_d141_Nickel_V_c.fit
58658.382986	0.04167	13.192	13.154	13.23	19.17849	V	m15_data/M15-1_20190624_091130_d129_Nickel_V_c.fit
58658.382072	0.01389	13.133	13.085	13.181	19.08149	V	m15_data/M15-1_20190624_091011_d128_Nickel_V_c.fit
58653.397685	0.04167	13.181	13.128	13.234	19.93972	V	m15_data/M15-1_20190619_093240_d171_Nickel_V_c.fit
58653.397002	0.01389	13.183	13.131	13.235	19.23967	V	m15_data/M15-1_20190619_093141_d170_Nickel_V_c.fit
58653.393877	0.125	13.113	13.06	13.166	20.4471	V	m15_data/M15-1_20190619_092711_d169_Nickel_V_c.fit
58653.392604	0.04167	13.182	13.124	13.24	19.91549	V	m15_data/M15-1_20190619_092521_d168_Nickel_V_c.fit
58653.391655	0.01389	13.196	13.139	13.253	19.2654	V	m15_data/M15-1_20190619_092359_d167_Nickel_V_c.fit
