;; MJD	etburst	mag	-emag	+emag	limmag	filter	imagename
59058.462199	0.125	14.147	14.121	14.173	20.86441	V	m15_data/M15-1_20200728_110534_d225_Nickel_V_c.fit
59058.460243	0.04167	14.125	14.099	14.151	20.40369	V	m15_data/M15-1_20200728_110245_d224_Nickel_V_c.fit
59058.459618	0.01389	14.053	14.029	14.077	19.52668	V	m15_data/M15-1_20200728_110151_d223_Nickel_V_c.fit
59058.431771	0.125	14.13	14.111	14.149	20.9113	V	m15_data/M15-1_20200728_102145_d205_Nickel_V_c.fit
59058.430694	0.04167	14.122	14.101	14.143	20.21748	V	m15_data/M15-1_20200728_102012_d204_Nickel_V_c.fit
59058.429352	0.01389	14.032	14.013	14.051	19.55481	V	m15_data/M15-1_20200728_101816_d203_Nickel_V_c.fit
59058.393079	0.125	14.135	14.117	14.153	21.06078	V	m15_data/M15-1_20200728_092602_d189_Nickel_V_c.fit
59058.39191	0.04167	14.139	14.118	14.16	20.4969	V	m15_data/M15-1_20200728_092421_d188_Nickel_V_c.fit
59058.391285	0.01389	13.996	13.98	14.012	19.68575	V	m15_data/M15-1_20200728_092327_d187_Nickel_V_c.fit
59058.360613	0.125	14.029	14.014	14.044	21.33827	V	m15_data/M15-1_20200728_083917_d173_Nickel_V_c.fit
59058.359537	0.04167	14.014	13.998	14.03	20.4208	V	m15_data/M15-1_20200728_083744_d172_Nickel_V_c.fit
59058.358148	0.01389	13.999	13.985	14.013	19.84268	V	m15_data/M15-1_20200728_083544_d171_Nickel_V_c.fit
59058.340995	0.125	14.027	14.01	14.044	20.86014	V	m15_data/M15-1_20200728_081102_d161_Nickel_V_c.fit
59058.339769	0.04167	14.011	13.994	14.028	20.24331	V	m15_data/M15-1_20200728_080916_d160_Nickel_V_c.fit
59058.339132	0.01389	14.068	14.051	14.085	19.829	V	m15_data/M15-1_20200728_080821_d159_Nickel_V_c.fit
59058.322269	0.125	14.104	14.088	14.12	20.79521	V	m15_data/M15-1_20200728_074404_d149_Nickel_V_c.fit
59058.321169	0.04167	14.143	14.127	14.159	20.20499	V	m15_data/M15-1_20200728_074229_d148_Nickel_V_c.fit
59058.320498	0.01389	14.18	14.159	14.201	19.38214	V	m15_data/M15-1_20200728_074131_d147_Nickel_V_c.fit
59058.317743	0.125	15.004	14.974	15.034	21.01885	B	m15_data/M15-1_20200728_073733_d146_Nickel_B_c.fit
59058.316632	0.04167	15.035	15.007	15.063	20.29533	B	m15_data/M15-1_20200728_073557_d145_Nickel_B_c.fit
59058.31559	0.01389	15.017	14.984	15.05	19.3093	B	m15_data/M15-1_20200728_073427_d144_Nickel_B_c.fit
59054.413137	0.125	14.179	14.158	14.2	20.70325	V	m15_data/M15-1_20200724_095455_d198_Nickel_V_c.fit
59054.412014	0.04167	14.172	14.152	14.192	20.02316	V	m15_data/M15-1_20200724_095318_d197_Nickel_V_c.fit
59054.411389	0.01389	14.25	14.221	14.279	19.12826	V	m15_data/M15-1_20200724_095224_d196_Nickel_V_c.fit
59054.324942	0.125	14.335	14.301	14.369	20.5146	V	m15_data/M15-1_20200724_074755_d166_Nickel_V_c.fit
59054.323796	0.04167	14.335	14.301	14.369	19.94437	V	m15_data/M15-1_20200724_074616_d165_Nickel_V_c.fit
59054.322245	0.01389	14.297	14.271	14.323	18.97081	V	m15_data/M15-1_20200724_074402_d164_Nickel_V_c.fit
59051.326296	0.125	14.223	14.203	14.243	20.9546	V	m15_data/M15-1_20200721_074952_d147_Nickel_V_c.fit
59051.325185	0.04167	14.206	14.188	14.224	20.31369	V	m15_data/M15-1_20200721_074816_d146_Nickel_V_c.fit
59051.324479	0.01389	14.191	14.171	14.211	19.49702	V	m15_data/M15-1_20200721_074715_d145_Nickel_V_c.fit
59043.345093	0.125	14.331	14.299	14.363	20.60797	V	m15_data/M15-1_20200713_081656_d182_Nickel_V_c.fit
59043.338345	0.08333	14.312	14.281	14.343	20.46327	V	m15_data/M15-1_20200713_080713_d180_Nickel_V_c.fit
59043.336412	0.04167	14.239	14.215	14.263	20.08604	V	m15_data/M15-1_20200713_080426_d179_Nickel_V_c.fit
59043.333889	0.01389	14.21	14.188	14.232	19.32683	V	m15_data/M15-1_20200713_080048_d178_Nickel_V_c.fit
59039.40191	0.125	14.085	14.067	14.103	20.28931	V	m15_data/M15-1_20200709_093845_d169_Nickel_V_c.fit
59039.400729	0.04167	14.124	14.103	14.145	19.69853	V	m15_data/M15-1_20200709_093703_d168_Nickel_V_c.fit
59039.400069	0.01389	14.037	14.017	14.057	19.02779	V	m15_data/M15-1_20200709_093606_d167_Nickel_V_c.fit
59030.447049	0.04167	15.18	15.148	15.212	20.3324	B	m15_data/M15-1_20200630_104345_d182_Nickel_B_c.fit
59030.444456	0.125	14.169	14.151	14.187	20.90951	V	m15_data/M15-1_20200630_104001_d181_Nickel_V_c.fit
59030.443368	0.04167	14.139	14.122	14.156	20.2932	V	m15_data/M15-1_20200630_103827_d180_Nickel_V_c.fit
59030.442639	0.01389	14.142	14.122	14.162	19.60051	V	m15_data/M15-1_20200630_103724_d179_Nickel_V_c.fit
59026.4386	0.125	14.268	14.237	14.299	20.38819	V	m15_data/M15-1_20200626_103135_d154_Nickel_V_c.fit
59026.434144	0.04167	14.219	14.192	14.246	19.93141	V	m15_data/M15-1_20200626_102510_d153_Nickel_V_c.fit
59026.432465	0.01389	14.249	14.221	14.277	19.1882	V	m15_data/M15-1_20200626_102245_d152_Nickel_V_c.fit
59022.389826	0.125	14.271	14.243	14.299	20.65611	V	m15_data/M15-1_20200622_092121_d133_Nickel_V_c.fit
59022.388681	0.04167	14.265	14.24	14.29	19.99625	V	m15_data/M15-1_20200622_091942_d132_Nickel_V_c.fit
59022.387766	0.01389	14.182	14.158	14.206	19.42143	V	m15_data/M15-1_20200622_091823_d131_Nickel_V_c.fit
59018.430532	0.125	14.229	14.203	14.255	20.41447	V	m15_data/M15-1_20200618_101958_d194_Nickel_V_c.fit
59018.429433	0.04167	14.211	14.187	14.235	19.84905	V	m15_data/M15-1_20200618_101823_d193_Nickel_V_c.fit
59018.428218	0.01389	14.224	14.196	14.252	18.96907	V	m15_data/M15-1_20200618_101638_d192_Nickel_V_c.fit
59010.430127	0.125	14.093	14.078	14.108	20.9507	V	m15_data/M15-1_20200610_101923_d175_Nickel_V_c.fit
59010.428299	0.08333	14.036	14.017	14.055	20.79315	V	m15_data/M15-1_20200610_101645_d174_Nickel_V_c.fit
59010.427153	0.04167	14.041	14.023	14.059	20.3646	V	m15_data/M15-1_20200610_101506_d173_Nickel_V_c.fit
59010.425972	0.01389	14.051	14.032	14.07	19.6513	V	m15_data/M15-1_20200610_101324_d172_Nickel_V_c.fit
58994.491713	0.04167	13.528	13.514	13.542	20.05343	R	m15_data/M15-1_20200525_114804_d186_Nickel_R_c.fit
58994.454653	0.125	14.118	14.101	14.135	21.07596	V	m15_data/M15-1_20200525_105442_d165_Nickel_V_c.fit
58994.453356	0.04167	14.178	14.148	14.208	20.06718	V	m15_data/M15-1_20200525_105250_d164_Nickel_V_c.fit
58994.452639	0.01389	14.048	14.028	14.068	19.59616	V	m15_data/M15-1_20200525_105148_d163_Nickel_V_c.fit
58994.44941	0.125	15.06	15.035	15.085	21.2522	B	m15_data/M15-1_20200525_104709_d162_Nickel_B_c.fit
58994.447917	0.04167	15.185	15.149	15.221	20.24059	B	m15_data/M15-1_20200525_104500_d161_Nickel_B_c.fit
58994.44684	0.01389	15.146	15.114	15.178	19.14438	B	m15_data/M15-1_20200525_104327_d160_Nickel_B_c.fit
58990.485185	0.125	14.229	14.207	14.251	20.38006	V	m15_data/M15-1_20200521_113840_d199_Nickel_V_c.fit
58990.483981	0.04167	14.155	14.137	14.173	19.96615	V	m15_data/M15-1_20200521_113656_d198_Nickel_V_c.fit
58990.483356	0.01389	14.236	14.21	14.262	19.10521	V	m15_data/M15-1_20200521_113602_d197_Nickel_V_c.fit
58974.496944	0.125	14.22	14.197	14.243	20.18521	V	m15_data/M15-1_20200505_115536_d189_Nickel_V_c.fit
58974.495718	0.04167	14.272	14.24	14.304	19.36273	V	m15_data/M15-1_20200505_115350_d188_Nickel_V_c.fit
58974.494896	0.01389	14.13	14.108	14.152	18.94745	V	m15_data/M15-1_20200505_115239_d187_Nickel_V_c.fit
58856.088704	0.01389	15.409	15.346	15.472	17.79021	B	m15_data/M15-1_20200108_020744_d131_Nickel_B_c.fit
58856.086192	0.125	14.212	14.18	14.244	19.13532	V	m15_data/M15-1_20200108_020407_d130_Nickel_V_c.fit
58856.085069	0.04167	14.323	14.287	14.359	18.44134	V	m15_data/M15-1_20200108_020230_d129_Nickel_V_c.fit
58856.084444	0.01389	14.293	14.248	14.338	17.59363	V	m15_data/M15-1_20200108_020136_d128_Nickel_V_c.fit
58805.179271	0.125	14.272	14.248	14.296	20.49598	V	m15_data/M15-1_20191118_041809_d160_Nickel_V_c.fit
58805.178183	0.04167	14.269	14.246	14.292	19.9309	V	m15_data/M15-1_20191118_041635_d159_Nickel_V_c.fit
58805.177431	0.01389	14.282	14.254	14.31	19.20308	V	m15_data/M15-1_20191118_041530_d158_Nickel_V_c.fit
58805.088241	0.125	14.186	14.161	14.211	20.84811	V	m15_data/M15-1_20191118_020704_d132_Nickel_V_c.fit
58805.08713	0.04167	14.193	14.167	14.219	20.21057	V	m15_data/M15-1_20191118_020528_d131_Nickel_V_c.fit
58805.086285	0.01389	14.294	14.261	14.327	19.32113	V	m15_data/M15-1_20191118_020415_d130_Nickel_V_c.fit
58794.121481	0.125	14.157	14.134	14.18	20.55115	V	m15_data/M15-1_20191107_025456_d134_Nickel_V_c.fit
58794.12037	0.04167	14.031	14.016	14.046	20.36743	V	m15_data/M15-1_20191107_025320_d133_Nickel_V_c.fit
58794.119664	0.01389	14.02	14.002	14.038	19.71243	V	m15_data/M15-1_20191107_025219_d132_Nickel_V_c.fit
58792.125613	0.125	14.166	14.147	14.185	20.80199	V	m15_data/M15-1_20191105_030053_d146_Nickel_V_c.fit
58792.124271	0.04167	14.155	14.137	14.173	20.3668	V	m15_data/M15-1_20191105_025857_d145_Nickel_V_c.fit
58792.123275	0.01389	14.109	14.089	14.129	19.71944	V	m15_data/M15-1_20191105_025731_d144_Nickel_V_c.fit
58789.274028	0.125	14.13	14.11	14.15	20.4026	V	m15_data/M15-1_20191102_063436_d167_Nickel_V_c.fit
58789.271852	0.04167	14.114	14.091	14.137	19.84403	V	m15_data/M15-1_20191102_063128_d166_Nickel_V_c.fit
58789.270833	0.01389	14.104	14.079	14.129	19.05748	V	m15_data/M15-1_20191102_063000_d165_Nickel_V_c.fit
58789.175174	0.125	14.188	14.167	14.209	20.6565	V	m15_data/M15-1_20191102_041215_d147_Nickel_V_c.fit
58789.169375	0.04167	14.174	14.157	14.191	20.2047	V	m15_data/M15-1_20191102_040354_d145_Nickel_V_c.fit
58789.168426	0.01389	14.157	14.138	14.176	19.38209	V	m15_data/M15-1_20191102_040232_d144_Nickel_V_c.fit
58788.157836	0.125	14.234	14.21	14.258	20.38761	V	m15_data/M15-1_20191101_034717_d154_Nickel_V_c.fit
58788.156678	0.04167	14.261	14.235	14.287	19.85135	V	m15_data/M15-1_20191101_034537_d153_Nickel_V_c.fit
58788.156042	0.01389	14.25	14.224	14.276	19.27174	V	m15_data/M15-1_20191101_034442_d152_Nickel_V_c.fit
58779.241319	0.125	14.25	14.226	14.274	20.53846	V	m15_data/M15-1_20191023_054730_d137_Nickel_V_c.fit
58779.240162	0.04167	14.236	14.211	14.261	19.83297	V	m15_data/M15-1_20191023_054550_d136_Nickel_V_c.fit
58779.239028	0.01389	14.132	14.111	14.153	19.17588	V	m15_data/M15-1_20191023_054412_d135_Nickel_V_c.fit
58775.248669	0.125	14.235	14.212	14.258	20.41191	V	m15_data/M15-1_20191019_055805_d142_Nickel_V_c.fit
58775.246551	0.04167	14.211	14.188	14.234	19.72023	V	m15_data/M15-1_20191019_055502_d141_Nickel_V_c.fit
58775.245544	0.01389	14.188	14.161	14.215	18.8114	V	m15_data/M15-1_20191019_055335_d140_Nickel_V_c.fit
58769.339769	0.125	14.428	14.359	14.497	19.59852	V	m15_data/M15-1_20191013_080916_d303_Nickel_V_c.fit
58769.338206	0.04167	14.339	14.277	14.401	18.661	V	m15_data/M15-1_20191013_080701_d302_Nickel_V_c.fit
58769.336493	0.01389	14.044	14.03	14.058	18.81225	V	m15_data/M15-1_20191013_080433_d301_Nickel_V_c.fit
58768.300833	0.125	14.152	14.126	14.178	19.60634	V	m15_data/M15-1_20191012_071312_d178_Nickel_V_c.fit
58768.299688	0.04167	14.098	14.073	14.123	19.06658	V	m15_data/M15-1_20191012_071133_d177_Nickel_V_c.fit
58763.210961	0.125	14.281	14.247	14.315	20.5556	V	m15_data/M15-1_20191007_050347_d139_Nickel_V_c.fit
58763.20897	0.04167	14.144	14.12	14.168	19.92971	V	m15_data/M15-1_20191007_050055_d138_Nickel_V_c.fit
58763.208287	0.01389	14.143	14.118	14.168	19.2864	V	m15_data/M15-1_20191007_045956_d137_Nickel_V_c.fit
58759.194711	0.125	14.179	14.149	14.209	20.29241	V	m15_data/M15-1_20191003_044023_d139_Nickel_V_c.fit
58759.193646	0.04167	14.149	14.122	14.176	20.12836	V	m15_data/M15-1_20191003_043851_d138_Nickel_V_c.fit
58759.19206	0.01389	14.121	14.097	14.145	19.38574	V	m15_data/M15-1_20191003_043634_d137_Nickel_V_c.fit
58751.21	0.125	14.152	14.133	14.171	21.0877	V	m15_data/M15-1_20190925_050224_d147_Nickel_V_c.fit
58751.208796	0.04167	14.046	14.034	14.058	20.45946	V	m15_data/M15-1_20190925_050040_d146_Nickel_V_c.fit
58751.20809	0.01389	14.146	14.125	14.167	19.55325	V	m15_data/M15-1_20190925_045939_d145_Nickel_V_c.fit
58751.207315	0.01389	15.039	15.009	15.069	19.60549	B	m15_data/M15-1_20190925_045832_d144_Nickel_B_c.fit
58738.226528	0.125	14.159	14.129	14.189	19.24081	V	m15_data/M15-1_20190912_052612_d159_Nickel_V_c.fit
58738.225255	0.04167	14.22	14.193	14.247	19.00478	V	m15_data/M15-1_20190912_052422_d158_Nickel_V_c.fit
58738.223773	0.01389	14.252	14.223	14.281	18.42265	V	m15_data/M15-1_20190912_052214_d157_Nickel_V_c.fit
58735.290313	0.125	14.289	14.254	14.324	20.11305	V	m15_data/M15-1_20190909_065803_d155_Nickel_V_c.fit
58735.28853	0.01389	14.262	14.223	14.301	18.56505	V	m15_data/M15-1_20190909_065529_d154_Nickel_V_c.fit
58735.279248	0.04167	14.236	14.206	14.266	19.4861	V	m15_data/M15-1_20190909_064207_d153_Nickel_V_c.fit
58735.276123	0.01389	14.229	14.195	14.263	18.65104	V	m15_data/M15-1_20190909_063737_d152_Nickel_V_c.fit
58731.357697	0.125	14.153	14.137	14.169	20.98738	V	m15_data/M15-1_20190905_083505_d187_Nickel_V_c.fit
58731.356562	0.04167	14.142	14.124	14.16	20.26909	V	m15_data/M15-1_20190905_083327_d186_Nickel_V_c.fit
58731.355382	0.01389	14.232	14.212	14.252	19.40861	V	m15_data/M15-1_20190905_083145_d185_Nickel_V_c.fit
58731.162234	0.125	14.148	14.13	14.166	20.74157	V	m15_data/M15-1_20190905_035337_d129_Nickel_V_c.fit
58731.160914	0.04167	14.152	14.134	14.17	20.08303	V	m15_data/M15-1_20190905_035143_d128_Nickel_V_c.fit
58731.157928	0.01389	14.102	14.077	14.127	19.23362	V	m15_data/M15-1_20190905_034725_d127_Nickel_V_c.fit
58728.181748	0.08333	14.308	14.282	14.334	20.31552	V	m15_data/M15-1_20190902_042143_d155_Nickel_V_c.fit
58728.180671	0.04167	14.269	14.246	14.292	20.11045	V	m15_data/M15-1_20190902_042010_d154_Nickel_V_c.fit
58728.180023	0.01389	14.259	14.236	14.282	19.30245	V	m15_data/M15-1_20190902_041914_d153_Nickel_V_c.fit
58724.240972	0.125	14.276	14.246	14.306	20.46613	V	m15_data/M15-1_20190829_054700_d156_Nickel_V_c.fit
58724.239896	0.04167	14.291	14.259	14.323	19.98783	V	m15_data/M15-1_20190829_054527_d155_Nickel_V_c.fit
58724.239155	0.01389	14.249	14.218	14.28	19.10634	V	m15_data/M15-1_20190829_054423_d154_Nickel_V_c.fit
58721.301181	0.125	14.263	14.232	14.294	20.69606	V	m15_data/M15-1_20190826_071342_d149_Nickel_V_c.fit
58721.29963	0.04167	14.153	14.122	14.184	20.09751	V	m15_data/M15-1_20190826_071128_d148_Nickel_V_c.fit
58721.298738	0.01389	14.149	14.119	14.179	19.31361	V	m15_data/M15-1_20190826_071011_d147_Nickel_V_c.fit
58713.306956	0.125	14.224	14.19	14.258	19.94516	V	m15_data/M15-1_20190818_072201_d150_Nickel_V_c.fit
58713.305532	0.04167	14.258	14.228	14.288	19.58169	V	m15_data/M15-1_20190818_071958_d149_Nickel_V_c.fit
58713.30162	0.01389	14.242	14.209	14.275	18.87638	V	m15_data/M15-1_20190818_071420_d148_Nickel_V_c.fit
58708.288727	0.125	14.245	14.211	14.279	19.76498	V	m15_data/M15-1_20190813_065546_d160_Nickel_V_c.fit
58708.286586	0.04167	14.269	14.231	14.307	19.18816	V	m15_data/M15-1_20190813_065241_d159_Nickel_V_c.fit
58708.285891	0.01389	14.14	14.108	14.172	18.68826	V	m15_data/M15-1_20190813_065141_d158_Nickel_V_c.fit
58708.284421	0.01389	15.288	15.236	15.34	18.66401	B	m15_data/M15-1_20190813_064934_d157_Nickel_B_c.fit
58697.330845	0.125	14.483	14.434	14.532	20.02178	V	m15_data/M15-1_20190802_075625_d159_Nickel_V_c.fit
58697.328356	0.04167	14.398	14.352	14.444	19.32004	V	m15_data/M15-1_20190802_075250_d158_Nickel_V_c.fit
58697.327257	0.01389	14.105	14.041	14.169	18.4011	V	m15_data/M15-1_20190802_075115_d157_Nickel_V_c.fit
58694.349919	0.125	14.294	14.258	14.33	20.30275	V	m15_data/M15-1_20190730_082353_d138_Nickel_V_c.fit
58694.348704	0.04167	14.311	14.275	14.347	19.7894	V	m15_data/M15-1_20190730_082208_d137_Nickel_V_c.fit
58694.348021	0.01389	14.291	14.253	14.329	18.92394	V	m15_data/M15-1_20190730_082109_d136_Nickel_V_c.fit
58690.312037	0.125	14.246	14.222	14.27	20.51468	V	m15_data/M15-1_20190726_072920_d166_Nickel_V_c.fit
58690.310799	0.04167	14.279	14.254	14.304	20.15509	V	m15_data/M15-1_20190726_072733_d165_Nickel_V_c.fit
58690.309838	0.01389	14.159	14.135	14.183	19.4371	V	m15_data/M15-1_20190726_072610_d164_Nickel_V_c.fit
58683.459653	0.04167	14.222	14.192	14.252	19.29573	V	m15_data/M15-1_20190719_110154_d175_Nickel_V_c.fit
58683.450336	0.01389	14.208	14.182	14.234	18.81906	V	m15_data/M15-1_20190719_104829_d174_Nickel_V_c.fit
58683.449016	0.01389	14.19	14.157	14.223	18.556	V	m15_data/M15-1_20190719_104635_d173_Nickel_V_c.fit
58683.312801	0.125	14.254	14.235	14.273	20.13944	V	m15_data/M15-1_20190719_073026_d143_Nickel_V_c.fit
58683.311678	0.04167	14.148	14.127	14.169	19.53068	V	m15_data/M15-1_20190719_072849_d142_Nickel_V_c.fit
58683.310914	0.01389	14.256	14.232	14.28	18.84279	V	m15_data/M15-1_20190719_072743_d141_Nickel_V_c.fit
58676.369421	0.125	14.163	14.141	14.185	20.69943	V	m15_data/M15-1_20190712_085158_d161_Nickel_V_c.fit
58676.367847	0.04167	14.009	13.992	14.026	20.50258	V	m15_data/M15-1_20190712_084942_d160_Nickel_V_c.fit
58676.366632	0.01389	14.033	14.013	14.053	19.49469	V	m15_data/M15-1_20190712_084757_d159_Nickel_V_c.fit
58672.463067	0.125	14.654	14.597	14.711	19.93634	V	m15_data/M15-1_20190708_110649_d207_Nickel_V_c.fit
58672.460729	0.01389	14.45	14.404	14.496	18.61703	V	m15_data/M15-1_20190708_110327_d205_Nickel_V_c.fit
58672.284537	0.01389	14.361	14.315	14.407	18.38211	V	m15_data/M15-1_20190708_064944_d159_Nickel_V_c.fit
58664.39588	0.125	14.297	14.259	14.335	19.84881	V	m15_data/M15-1_20190630_093004_d188_Nickel_V_c.fit
58664.394792	0.04167	14.186	14.147	14.225	19.83329	V	m15_data/M15-1_20190630_092830_d187_Nickel_V_c.fit
58664.394178	0.01389	14.16	14.12	14.2	19.02595	V	m15_data/M15-1_20190630_092737_d186_Nickel_V_c.fit
58658.384572	0.125	14.242	14.217	14.267	20.17988	V	m15_data/M15-1_20190624_091347_d130_Nickel_V_c.fit
58658.382986	0.04167	14.178	14.132	14.224	19.17849	V	m15_data/M15-1_20190624_091130_d129_Nickel_V_c.fit
58658.382072	0.01389	14.183	14.16	14.206	19.04982	V	m15_data/M15-1_20190624_091011_d128_Nickel_V_c.fit
58653.397685	0.04167	14.198	14.176	14.22	19.93972	V	m15_data/M15-1_20190619_093240_d171_Nickel_V_c.fit
58653.397002	0.01389	14.196	14.172	14.22	19.23111	V	m15_data/M15-1_20190619_093141_d170_Nickel_V_c.fit
58653.393877	0.125	14.211	14.189	14.233	20.4471	V	m15_data/M15-1_20190619_092711_d169_Nickel_V_c.fit
58653.392604	0.04167	14.205	14.186	14.224	19.90982	V	m15_data/M15-1_20190619_092521_d168_Nickel_V_c.fit
58653.391655	0.01389	14.189	14.166	14.212	19.26351	V	m15_data/M15-1_20190619_092359_d167_Nickel_V_c.fit
