;; MJD	etburst	mag	-emag	+emag	limmag	filter	imagename
59043.345093	0.125	14.999	14.992	15.006	20.62045	V	m15_data/M15-1_20200713_081656_d182_Nickel_V_c.fit
59043.338345	0.08333	15.014	15.008	15.02	20.46138	V	m15_data/M15-1_20200713_080713_d180_Nickel_V_c.fit
59043.336412	0.04167	15.005	14.998	15.012	20.08415	V	m15_data/M15-1_20200713_080426_d179_Nickel_V_c.fit
59043.333889	0.01389	15.028	15.017	15.039	19.33071	V	m15_data/M15-1_20200713_080048_d178_Nickel_V_c.fit
59039.40191	0.125	15.035	15.028	15.042	20.28824	V	m15_data/M15-1_20200709_093845_d169_Nickel_V_c.fit
59039.400729	0.04167	15.024	15.015	15.033	19.69664	V	m15_data/M15-1_20200709_093703_d168_Nickel_V_c.fit
59039.400069	0.01389	15.052	15.04	15.064	19.02745	V	m15_data/M15-1_20200709_093606_d167_Nickel_V_c.fit
59030.447049	0.04167	15.244	15.234	15.254	20.33295	B	m15_data/M15-1_20200630_104345_d182_Nickel_B_c.fit
59030.444456	0.125	15.002	14.995	15.009	20.97356	V	m15_data/M15-1_20200630_104001_d181_Nickel_V_c.fit
59030.443368	0.04167	15.01	15.003	15.017	20.29231	V	m15_data/M15-1_20200630_103827_d180_Nickel_V_c.fit
59030.442639	0.01389	15.019	15.008	15.03	19.59651	V	m15_data/M15-1_20200630_103724_d179_Nickel_V_c.fit
59018.430532	0.125	15.049	15.026	15.072	20.58703	V	m15_data/M15-1_20200618_101958_d194_Nickel_V_c.fit
59018.429433	0.04167	15.002	14.991	15.013	19.84283	V	m15_data/M15-1_20200618_101823_d193_Nickel_V_c.fit
59018.428218	0.01389	15.024	15.005	15.043	18.97707	V	m15_data/M15-1_20200618_101638_d192_Nickel_V_c.fit
59010.430127	0.125	15.02	15.013	15.027	20.95015	V	m15_data/M15-1_20200610_101923_d175_Nickel_V_c.fit
59010.428299	0.08333	15.011	15.0	15.022	20.77615	V	m15_data/M15-1_20200610_101645_d174_Nickel_V_c.fit
59010.427153	0.04167	14.999	14.989	15.009	20.35994	V	m15_data/M15-1_20200610_101506_d173_Nickel_V_c.fit
59010.425972	0.01389	15.001	14.987	15.015	19.6483	V	m15_data/M15-1_20200610_101324_d172_Nickel_V_c.fit
58994.491713	0.04167	14.889	14.883	14.895	20.05476	R	m15_data/M15-1_20200525_114804_d186_Nickel_R_c.fit
58994.454653	0.125	15.007	15.0	15.014	21.07573	V	m15_data/M15-1_20200525_105442_d165_Nickel_V_c.fit
58994.453356	0.04167	14.992	14.984	15.0	20.0714	V	m15_data/M15-1_20200525_105250_d164_Nickel_V_c.fit
58994.452639	0.01389	14.994	14.981	15.007	19.59638	V	m15_data/M15-1_20200525_105148_d163_Nickel_V_c.fit
58994.44941	0.125	15.242	15.233	15.251	21.24976	B	m15_data/M15-1_20200525_104709_d162_Nickel_B_c.fit
58994.447917	0.04167	15.252	15.241	15.263	20.24003	B	m15_data/M15-1_20200525_104500_d161_Nickel_B_c.fit
58994.44684	0.01389	15.242	15.222	15.262	19.15571	B	m15_data/M15-1_20200525_104327_d160_Nickel_B_c.fit
58990.485185	0.125	14.965	14.96	14.97	20.40984	V	m15_data/M15-1_20200521_113840_d199_Nickel_V_c.fit
58990.483981	0.04167	14.978	14.969	14.987	19.98818	V	m15_data/M15-1_20200521_113656_d198_Nickel_V_c.fit
58990.483356	0.01389	15.022	15.009	15.035	19.1041	V	m15_data/M15-1_20200521_113602_d197_Nickel_V_c.fit
58856.088704	0.01389	15.324	15.29	15.358	17.78876	B	m15_data/M15-1_20200108_020744_d131_Nickel_B_c.fit
58856.086192	0.125	15.033	15.026	15.04	19.12843	V	m15_data/M15-1_20200108_020407_d130_Nickel_V_c.fit
58856.085069	0.04167	15.013	15.0	15.026	18.44212	V	m15_data/M15-1_20200108_020230_d129_Nickel_V_c.fit
58856.084444	0.01389	14.991	14.971	15.011	17.60052	V	m15_data/M15-1_20200108_020136_d128_Nickel_V_c.fit
58805.179271	0.125	15.002	14.997	15.007	20.54288	V	m15_data/M15-1_20191118_041809_d160_Nickel_V_c.fit
58805.178183	0.04167	14.994	14.986	15.002	19.92357	V	m15_data/M15-1_20191118_041635_d159_Nickel_V_c.fit
58805.177431	0.01389	15.018	15.008	15.028	19.21219	V	m15_data/M15-1_20191118_041530_d158_Nickel_V_c.fit
58788.157836	0.125	15.003	14.998	15.008	20.40023	V	m15_data/M15-1_20191101_034717_d154_Nickel_V_c.fit
58788.156678	0.04167	15.012	15.005	15.019	19.85002	V	m15_data/M15-1_20191101_034537_d153_Nickel_V_c.fit
58788.156042	0.01389	14.995	14.985	15.005	19.26485	V	m15_data/M15-1_20191101_034442_d152_Nickel_V_c.fit
58779.241319	0.125	14.997	14.992	15.002	20.53979	V	m15_data/M15-1_20191023_054730_d137_Nickel_V_c.fit
58779.240162	0.04167	15.004	14.997	15.011	19.83641	V	m15_data/M15-1_20191023_054550_d136_Nickel_V_c.fit
58779.239028	0.01389	15.008	14.997	15.019	19.18155	V	m15_data/M15-1_20191023_054412_d135_Nickel_V_c.fit
58769.339769	0.125	15.01	15.003	15.017	19.59719	V	m15_data/M15-1_20191013_080916_d303_Nickel_V_c.fit
58769.338206	0.04167	14.984	14.972	14.996	18.65478	V	m15_data/M15-1_20191013_080701_d302_Nickel_V_c.fit
58769.336493	0.01389	15.027	15.01	15.044	18.79781	V	m15_data/M15-1_20191013_080433_d301_Nickel_V_c.fit
58768.300833	0.125	14.977	14.968	14.986	19.60267	V	m15_data/M15-1_20191012_071312_d178_Nickel_V_c.fit
58768.299688	0.04167	14.954	14.943	14.965	19.06614	V	m15_data/M15-1_20191012_071133_d177_Nickel_V_c.fit
58763.210961	0.125	14.996	14.991	15.001	20.54305	V	m15_data/M15-1_20191007_050347_d139_Nickel_V_c.fit
58763.20897	0.04167	14.99	14.98	15.0	19.93149	V	m15_data/M15-1_20191007_050055_d138_Nickel_V_c.fit
58763.208287	0.01389	15.001	14.99	15.012	19.29629	V	m15_data/M15-1_20191007_045956_d137_Nickel_V_c.fit
58735.290313	0.125	14.967	14.96	14.974	20.11305	V	m15_data/M15-1_20190909_065803_d155_Nickel_V_c.fit
58735.28853	0.01389	14.956	14.94	14.972	18.56305	V	m15_data/M15-1_20190909_065529_d154_Nickel_V_c.fit
58731.357697	0.125	15.009	15.003	15.015	20.98616	V	m15_data/M15-1_20190905_083505_d187_Nickel_V_c.fit
58731.356562	0.04167	15.008	15.001	15.015	20.26743	V	m15_data/M15-1_20190905_083327_d186_Nickel_V_c.fit
58731.355382	0.01389	15.003	14.99	15.016	19.4185	V	m15_data/M15-1_20190905_083145_d185_Nickel_V_c.fit
58690.312037	0.125	14.99	14.985	14.995	20.51068	V	m15_data/M15-1_20190726_072920_d166_Nickel_V_c.fit
58690.310799	0.04167	15.008	15.001	15.015	20.14675	V	m15_data/M15-1_20190726_072733_d165_Nickel_V_c.fit
58690.309838	0.01389	14.996	14.984	15.008	19.4391	V	m15_data/M15-1_20190726_072610_d164_Nickel_V_c.fit
58683.312801	0.125	15.364	15.305	15.423	20.13932	V	m15_data/M15-1_20190719_073026_d143_Nickel_V_c.fit
58683.310914	0.01389	15.162	15.124	15.2	18.85156	V	m15_data/M15-1_20190719_072743_d141_Nickel_V_c.fit
58676.369421	0.125	15.005	14.998	15.012	20.70065	V	m15_data/M15-1_20190712_085158_d161_Nickel_V_c.fit
58676.367847	0.04167	14.995	14.977	15.013	20.50302	V	m15_data/M15-1_20190712_084942_d160_Nickel_V_c.fit
58676.366632	0.01389	14.985	14.97	15.0	19.49802	V	m15_data/M15-1_20190712_084757_d159_Nickel_V_c.fit
58672.463067	0.125	15.086	15.068	15.104	20.01616	V	m15_data/M15-1_20190708_110649_d207_Nickel_V_c.fit
58672.461447	0.04167	15.091	15.073	15.109	19.1702	V	m15_data/M15-1_20190708_110429_d206_Nickel_V_c.fit
58672.460729	0.01389	15.14	15.114	15.166	18.61637	V	m15_data/M15-1_20190708_110327_d205_Nickel_V_c.fit
58664.39588	0.125	14.966	14.955	14.977	19.8713	V	m15_data/M15-1_20190630_093004_d188_Nickel_V_c.fit
58664.394792	0.04167	14.976	14.962	14.99	19.84029	V	m15_data/M15-1_20190630_092830_d187_Nickel_V_c.fit
58664.394178	0.01389	14.966	14.946	14.986	19.01261	V	m15_data/M15-1_20190630_092737_d186_Nickel_V_c.fit
58661.378692	0.01389	14.977	14.964	14.99	17.67876	V	m15_data/M15-1_20190627_090519_d144_Nickel_V_c.fit
58661.375359	0.125	14.999	14.992	15.006	18.94864	V	m15_data/M15-1_20190627_090031_d143_Nickel_V_c.fit
58661.373958	0.04167	14.998	14.988	15.008	18.36597	V	m15_data/M15-1_20190627_085830_d142_Nickel_V_c.fit
58661.372257	0.01389	14.991	14.976	15.006	17.6289	V	m15_data/M15-1_20190627_085603_d141_Nickel_V_c.fit
58653.397685	0.04167	15.038	15.023	15.053	19.94394	V	m15_data/M15-1_20190619_093240_d171_Nickel_V_c.fit
58653.397002	0.01389	15.029	15.012	15.046	19.23967	V	m15_data/M15-1_20190619_093141_d170_Nickel_V_c.fit
58653.393877	0.125	15.04	15.028	15.052	20.44543	V	m15_data/M15-1_20190619_092711_d169_Nickel_V_c.fit
58653.392604	0.04167	15.039	15.028	15.05	19.91171	V	m15_data/M15-1_20190619_092521_d168_Nickel_V_c.fit
58653.391655	0.01389	15.054	15.038	15.07	19.2654	V	m15_data/M15-1_20190619_092359_d167_Nickel_V_c.fit
