;; MJD	etburst	mag	-emag	+emag	limmag	filter	imagename
59058.462199	0.125	15.674	15.645	15.703	20.86441	V	m15_data/M15-1_20200728_110534_d225_Nickel_V_c.fit
59058.460243	0.04167	15.705	15.674	15.736	20.40369	V	m15_data/M15-1_20200728_110245_d224_Nickel_V_c.fit
59058.459618	0.01389	15.689	15.662	15.716	19.52412	V	m15_data/M15-1_20200728_110151_d223_Nickel_V_c.fit
59058.431771	0.125	15.677	15.647	15.707	20.9113	V	m15_data/M15-1_20200728_102145_d205_Nickel_V_c.fit
59058.430694	0.04167	15.664	15.637	15.691	20.21748	V	m15_data/M15-1_20200728_102012_d204_Nickel_V_c.fit
59058.429352	0.01389	15.709	15.675	15.743	19.55037	V	m15_data/M15-1_20200728_101816_d203_Nickel_V_c.fit
59058.393079	0.125	15.703	15.669	15.737	21.06078	V	m15_data/M15-1_20200728_092602_d189_Nickel_V_c.fit
59058.39191	0.04167	15.707	15.672	15.742	20.4969	V	m15_data/M15-1_20200728_092421_d188_Nickel_V_c.fit
59058.391285	0.01389	15.747	15.715	15.779	19.68109	V	m15_data/M15-1_20200728_092327_d187_Nickel_V_c.fit
59058.360613	0.125	15.751	15.711	15.791	21.33827	V	m15_data/M15-1_20200728_083917_d173_Nickel_V_c.fit
59058.359537	0.04167	15.722	15.685	15.759	20.4208	V	m15_data/M15-1_20200728_083744_d172_Nickel_V_c.fit
59058.358148	0.01389	15.772	15.734	15.81	19.83802	V	m15_data/M15-1_20200728_083544_d171_Nickel_V_c.fit
59058.340995	0.125	15.687	15.657	15.717	20.86014	V	m15_data/M15-1_20200728_081102_d161_Nickel_V_c.fit
59058.339769	0.04167	15.721	15.695	15.747	20.24331	V	m15_data/M15-1_20200728_080916_d160_Nickel_V_c.fit
59058.339132	0.01389	15.786	15.746	15.826	19.82767	V	m15_data/M15-1_20200728_080821_d159_Nickel_V_c.fit
59058.322269	0.125	15.701	15.676	15.726	20.79521	V	m15_data/M15-1_20200728_074404_d149_Nickel_V_c.fit
59058.321169	0.04167	15.69	15.659	15.721	20.20499	V	m15_data/M15-1_20200728_074229_d148_Nickel_V_c.fit
59058.320498	0.01389	15.702	15.672	15.732	19.38214	V	m15_data/M15-1_20200728_074131_d147_Nickel_V_c.fit
59058.317743	0.125	16.395	16.367	16.423	21.01885	B	m15_data/M15-1_20200728_073733_d146_Nickel_B_c.fit
59058.316632	0.04167	16.388	16.361	16.415	20.29244	B	m15_data/M15-1_20200728_073557_d145_Nickel_B_c.fit
59058.31559	0.01389	16.353	16.325	16.381	19.30997	B	m15_data/M15-1_20200728_073427_d144_Nickel_B_c.fit
59054.413137	0.125	15.677	15.654	15.7	20.70325	V	m15_data/M15-1_20200724_095455_d198_Nickel_V_c.fit
59054.412014	0.04167	15.683	15.657	15.709	20.02316	V	m15_data/M15-1_20200724_095318_d197_Nickel_V_c.fit
59054.411389	0.01389	15.638	15.616	15.66	19.1247	V	m15_data/M15-1_20200724_095224_d196_Nickel_V_c.fit
59054.324942	0.125	15.624	15.598	15.65	20.5146	V	m15_data/M15-1_20200724_074755_d166_Nickel_V_c.fit
59054.323796	0.04167	15.659	15.634	15.684	19.94437	V	m15_data/M15-1_20200724_074616_d165_Nickel_V_c.fit
59054.322245	0.01389	15.612	15.587	15.637	18.96637	V	m15_data/M15-1_20200724_074402_d164_Nickel_V_c.fit
59051.324479	0.01389	15.674	15.639	15.709	19.49702	V	m15_data/M15-1_20200721_074715_d145_Nickel_V_c.fit
59043.345093	0.125	15.665	15.639	15.691	20.60797	V	m15_data/M15-1_20200713_081656_d182_Nickel_V_c.fit
59043.338345	0.08333	15.675	15.652	15.698	20.46327	V	m15_data/M15-1_20200713_080713_d180_Nickel_V_c.fit
59043.336412	0.04167	15.7	15.676	15.724	20.08604	V	m15_data/M15-1_20200713_080426_d179_Nickel_V_c.fit
59043.333889	0.01389	15.71	15.683	15.737	19.32683	V	m15_data/M15-1_20200713_080048_d178_Nickel_V_c.fit
59039.40191	0.125	15.732	15.7	15.764	20.28931	V	m15_data/M15-1_20200709_093845_d169_Nickel_V_c.fit
59039.400729	0.04167	15.746	15.713	15.779	19.69853	V	m15_data/M15-1_20200709_093703_d168_Nickel_V_c.fit
59039.400069	0.01389	15.759	15.726	15.792	19.0269	V	m15_data/M15-1_20200709_093606_d167_Nickel_V_c.fit
59030.447049	0.04167	16.354	16.324	16.384	20.32795	B	m15_data/M15-1_20200630_104345_d182_Nickel_B_c.fit
59030.444456	0.125	15.692	15.663	15.721	20.90951	V	m15_data/M15-1_20200630_104001_d181_Nickel_V_c.fit
59030.443368	0.04167	15.707	15.671	15.743	20.2932	V	m15_data/M15-1_20200630_103827_d180_Nickel_V_c.fit
59030.442639	0.01389	15.737	15.703	15.771	19.59907	V	m15_data/M15-1_20200630_103724_d179_Nickel_V_c.fit
59022.389826	0.125	15.649	15.629	15.669	20.65611	V	m15_data/M15-1_20200622_092121_d133_Nickel_V_c.fit
59022.388681	0.04167	15.638	15.615	15.661	19.99625	V	m15_data/M15-1_20200622_091942_d132_Nickel_V_c.fit
59022.387766	0.01389	15.702	15.677	15.727	19.42143	V	m15_data/M15-1_20200622_091823_d131_Nickel_V_c.fit
59010.430127	0.125	15.801	15.754	15.848	20.9507	V	m15_data/M15-1_20200610_101923_d175_Nickel_V_c.fit
59010.428299	0.08333	15.813	15.762	15.864	20.79315	V	m15_data/M15-1_20200610_101645_d174_Nickel_V_c.fit
59010.427153	0.04167	15.816	15.765	15.867	20.3646	V	m15_data/M15-1_20200610_101506_d173_Nickel_V_c.fit
59010.425972	0.01389	15.827	15.776	15.878	19.65085	V	m15_data/M15-1_20200610_101324_d172_Nickel_V_c.fit
58994.491713	0.04167	15.333	15.29	15.376	20.05343	R	m15_data/M15-1_20200525_114804_d186_Nickel_R_c.fit
58994.454653	0.125	15.71	15.677	15.743	21.07596	V	m15_data/M15-1_20200525_105442_d165_Nickel_V_c.fit
58994.453356	0.04167	15.635	15.605	15.665	20.06718	V	m15_data/M15-1_20200525_105250_d164_Nickel_V_c.fit
58994.452639	0.01389	15.749	15.712	15.786	19.59083	V	m15_data/M15-1_20200525_105148_d163_Nickel_V_c.fit
58994.44941	0.125	16.39	16.353	16.427	21.2522	B	m15_data/M15-1_20200525_104709_d162_Nickel_B_c.fit
58994.447917	0.04167	16.35	16.323	16.377	20.24059	B	m15_data/M15-1_20200525_104500_d161_Nickel_B_c.fit
58994.44684	0.01389	16.36	16.329	16.391	19.14149	B	m15_data/M15-1_20200525_104327_d160_Nickel_B_c.fit
58856.088704	0.01389	15.216	15.171	15.261	17.79021	B	m15_data/M15-1_20200108_020744_d131_Nickel_B_c.fit
58856.085069	0.04167	15.27	15.172	15.368	18.44134	V	m15_data/M15-1_20200108_020230_d129_Nickel_V_c.fit
58805.088241	0.125	15.698	15.676	15.72	20.84811	V	m15_data/M15-1_20191118_020704_d132_Nickel_V_c.fit
58805.08713	0.04167	15.716	15.692	15.74	20.21057	V	m15_data/M15-1_20191118_020528_d131_Nickel_V_c.fit
58805.086285	0.01389	15.661	15.64	15.682	19.31991	V	m15_data/M15-1_20191118_020415_d130_Nickel_V_c.fit
58794.121481	0.125	15.706	15.679	15.733	20.55115	V	m15_data/M15-1_20191107_025456_d134_Nickel_V_c.fit
58794.12037	0.04167	15.807	15.762	15.852	20.36743	V	m15_data/M15-1_20191107_025320_d133_Nickel_V_c.fit
58794.119664	0.01389	15.863	15.813	15.913	19.70898	V	m15_data/M15-1_20191107_025219_d132_Nickel_V_c.fit
58792.125613	0.125	15.758	15.722	15.794	20.80199	V	m15_data/M15-1_20191105_030053_d146_Nickel_V_c.fit
58792.124271	0.04167	15.813	15.765	15.861	20.3668	V	m15_data/M15-1_20191105_025857_d145_Nickel_V_c.fit
58792.123275	0.01389	15.89	15.838	15.942	19.71944	V	m15_data/M15-1_20191105_025731_d144_Nickel_V_c.fit
58779.241319	0.125	15.64	15.616	15.664	20.53846	V	m15_data/M15-1_20191023_054730_d137_Nickel_V_c.fit
58779.240162	0.04167	15.599	15.572	15.626	19.83297	V	m15_data/M15-1_20191023_054550_d136_Nickel_V_c.fit
58779.239028	0.01389	15.667	15.642	15.692	19.17488	V	m15_data/M15-1_20191023_054412_d135_Nickel_V_c.fit
58775.248669	0.125	15.679	15.655	15.703	20.41191	V	m15_data/M15-1_20191019_055805_d142_Nickel_V_c.fit
58775.246551	0.04167	16.066	16.032	16.1	19.7179	V	m15_data/M15-1_20191019_055502_d141_Nickel_V_c.fit
58775.245544	0.01389	16.075	16.026	16.124	18.81029	V	m15_data/M15-1_20191019_055335_d140_Nickel_V_c.fit
58769.339769	0.125	15.741	15.716	15.766	19.59852	V	m15_data/M15-1_20191013_080916_d303_Nickel_V_c.fit
58769.338206	0.04167	15.636	15.605	15.667	18.65556	V	m15_data/M15-1_20191013_080701_d302_Nickel_V_c.fit
58769.336493	0.01389	15.846	15.808	15.884	18.80736	V	m15_data/M15-1_20191013_080433_d301_Nickel_V_c.fit
58768.300833	0.125	15.673	15.649	15.697	19.60634	V	m15_data/M15-1_20191012_071312_d178_Nickel_V_c.fit
58768.299688	0.04167	15.663	15.637	15.689	19.06547	V	m15_data/M15-1_20191012_071133_d177_Nickel_V_c.fit
58763.210961	0.125	15.67	15.647	15.693	20.5556	V	m15_data/M15-1_20191007_050347_d139_Nickel_V_c.fit
58763.20897	0.04167	15.688	15.661	15.715	19.92971	V	m15_data/M15-1_20191007_050055_d138_Nickel_V_c.fit
58763.208287	0.01389	15.713	15.684	15.742	19.2864	V	m15_data/M15-1_20191007_045956_d137_Nickel_V_c.fit
58759.193646	0.04167	15.637	15.613	15.661	20.12836	V	m15_data/M15-1_20191003_043851_d138_Nickel_V_c.fit
58759.19206	0.01389	15.671	15.645	15.697	19.38574	V	m15_data/M15-1_20191003_043634_d137_Nickel_V_c.fit
58751.21	0.125	15.675	15.648	15.702	21.0877	V	m15_data/M15-1_20190925_050224_d147_Nickel_V_c.fit
58751.208796	0.04167	15.695	15.662	15.728	20.45946	V	m15_data/M15-1_20190925_050040_d146_Nickel_V_c.fit
58751.20809	0.01389	15.669	15.64	15.698	19.55325	V	m15_data/M15-1_20190925_045939_d145_Nickel_V_c.fit
58751.207315	0.01389	16.293	16.262	16.324	19.60249	B	m15_data/M15-1_20190925_045832_d144_Nickel_B_c.fit
58738.225255	0.04167	16.007	15.966	16.048	18.99822	V	m15_data/M15-1_20190912_052422_d158_Nickel_V_c.fit
58738.223773	0.01389	15.629	15.605	15.653	18.42343	V	m15_data/M15-1_20190912_052214_d157_Nickel_V_c.fit
58735.290313	0.125	15.535	15.506	15.564	20.11305	V	m15_data/M15-1_20190909_065803_d155_Nickel_V_c.fit
58735.28853	0.01389	15.413	15.382	15.444	18.55482	V	m15_data/M15-1_20190909_065529_d154_Nickel_V_c.fit
58735.279248	0.04167	16.011	15.963	16.059	19.48443	V	m15_data/M15-1_20190909_064207_d153_Nickel_V_c.fit
58735.276123	0.01389	16.06	16.002	16.118	18.65482	V	m15_data/M15-1_20190909_063737_d152_Nickel_V_c.fit
58731.357697	0.125	15.696	15.663	15.729	20.98738	V	m15_data/M15-1_20190905_083505_d187_Nickel_V_c.fit
58731.356562	0.04167	15.676	15.647	15.705	20.26909	V	m15_data/M15-1_20190905_083327_d186_Nickel_V_c.fit
58731.355382	0.01389	15.689	15.658	15.72	19.40861	V	m15_data/M15-1_20190905_083145_d185_Nickel_V_c.fit
58731.162234	0.125	15.681	15.653	15.709	20.74157	V	m15_data/M15-1_20190905_035337_d129_Nickel_V_c.fit
58731.160914	0.04167	15.67	15.645	15.695	20.08303	V	m15_data/M15-1_20190905_035143_d128_Nickel_V_c.fit
58731.157928	0.01389	15.661	15.637	15.685	19.22973	V	m15_data/M15-1_20190905_034725_d127_Nickel_V_c.fit
58728.181748	0.08333	15.573	15.548	15.598	20.31552	V	m15_data/M15-1_20190902_042143_d155_Nickel_V_c.fit
58728.180671	0.04167	15.677	15.65	15.704	20.11045	V	m15_data/M15-1_20190902_042010_d154_Nickel_V_c.fit
58728.180023	0.01389	15.666	15.635	15.697	19.30245	V	m15_data/M15-1_20190902_041914_d153_Nickel_V_c.fit
58724.240972	0.125	16.034	15.989	16.079	20.46613	V	m15_data/M15-1_20190829_054700_d156_Nickel_V_c.fit
58724.239896	0.04167	15.607	15.58	15.634	19.98783	V	m15_data/M15-1_20190829_054527_d155_Nickel_V_c.fit
58724.239155	0.01389	15.571	15.54	15.602	19.10634	V	m15_data/M15-1_20190829_054423_d154_Nickel_V_c.fit
58721.301181	0.125	15.638	15.615	15.661	20.69606	V	m15_data/M15-1_20190826_071342_d149_Nickel_V_c.fit
58721.29963	0.04167	15.642	15.617	15.667	20.09751	V	m15_data/M15-1_20190826_071128_d148_Nickel_V_c.fit
58721.298738	0.01389	15.635	15.613	15.657	19.30772	V	m15_data/M15-1_20190826_071011_d147_Nickel_V_c.fit
58713.305532	0.04167	15.554	15.527	15.581	19.58169	V	m15_data/M15-1_20190818_071958_d149_Nickel_V_c.fit
58713.30162	0.01389	15.585	15.561	15.609	18.87149	V	m15_data/M15-1_20190818_071420_d148_Nickel_V_c.fit
58708.288727	0.125	16.08	16.022	16.138	19.75975	V	m15_data/M15-1_20190813_065546_d160_Nickel_V_c.fit
58708.286586	0.04167	15.52	15.491	15.549	19.18816	V	m15_data/M15-1_20190813_065241_d159_Nickel_V_c.fit
58708.285891	0.01389	15.593	15.569	15.617	18.68381	V	m15_data/M15-1_20190813_065141_d158_Nickel_V_c.fit
58708.284421	0.01389	16.316	16.281	16.351	18.65423	B	m15_data/M15-1_20190813_064934_d157_Nickel_B_c.fit
58690.312037	0.125	15.566	15.537	15.595	20.51468	V	m15_data/M15-1_20190726_072920_d166_Nickel_V_c.fit
58690.310799	0.04167	15.685	15.661	15.709	20.15509	V	m15_data/M15-1_20190726_072733_d165_Nickel_V_c.fit
58690.309838	0.01389	15.704	15.676	15.732	19.4371	V	m15_data/M15-1_20190726_072610_d164_Nickel_V_c.fit
58676.369421	0.125	15.687	15.665	15.709	20.69943	V	m15_data/M15-1_20190712_085158_d161_Nickel_V_c.fit
58676.367847	0.04167	15.738	15.696	15.78	20.50258	V	m15_data/M15-1_20190712_084942_d160_Nickel_V_c.fit
58676.366632	0.01389	15.684	15.657	15.711	19.4918	V	m15_data/M15-1_20190712_084757_d159_Nickel_V_c.fit
58664.39588	0.125	16.102	16.044	16.16	19.83914	V	m15_data/M15-1_20190630_093004_d188_Nickel_V_c.fit
58664.394792	0.04167	15.6	15.57	15.63	19.83329	V	m15_data/M15-1_20190630_092830_d187_Nickel_V_c.fit
58664.394178	0.01389	15.631	15.604	15.658	19.02195	V	m15_data/M15-1_20190630_092737_d186_Nickel_V_c.fit
58661.373958	0.04167	14.701	14.673	14.729	18.3663	V	m15_data/M15-1_20190627_085830_d142_Nickel_V_c.fit
58653.397685	0.04167	15.763	15.727	15.799	19.93972	V	m15_data/M15-1_20190619_093240_d171_Nickel_V_c.fit
58653.397002	0.01389	15.768	15.734	15.802	19.23111	V	m15_data/M15-1_20190619_093141_d170_Nickel_V_c.fit
58653.393877	0.125	15.773	15.743	15.803	20.4471	V	m15_data/M15-1_20190619_092711_d169_Nickel_V_c.fit
58653.392604	0.04167	15.788	15.757	15.819	19.90982	V	m15_data/M15-1_20190619_092521_d168_Nickel_V_c.fit
58653.391655	0.01389	15.798	15.762	15.834	19.26351	V	m15_data/M15-1_20190619_092359_d167_Nickel_V_c.fit
