;; MJD	etburst	mag	-emag	+emag	limmag	filter	imagename
59054.413137	0.125	15.593	15.58	15.606	20.70099	V	m15_data/M15-1_20200724_095455_d198_Nickel_V_c.fit
59054.412014	0.04167	15.616	15.602	15.63	20.02012	V	m15_data/M15-1_20200724_095318_d197_Nickel_V_c.fit
59054.411389	0.01389	15.628	15.607	15.649	19.12144	V	m15_data/M15-1_20200724_095224_d196_Nickel_V_c.fit
59054.324942	0.125	16.132	16.112	16.152	20.51179	V	m15_data/M15-1_20200724_074755_d166_Nickel_V_c.fit
59054.323796	0.04167	16.121	16.1	16.142	19.94268	V	m15_data/M15-1_20200724_074616_d165_Nickel_V_c.fit
59054.322245	0.01389	16.166	16.132	16.2	18.96764	V	m15_data/M15-1_20200724_074402_d164_Nickel_V_c.fit
59043.345093	0.125	16.112	16.093	16.131	20.60439	V	m15_data/M15-1_20200713_081656_d182_Nickel_V_c.fit
59043.338345	0.08333	16.166	16.148	16.184	20.45992	V	m15_data/M15-1_20200713_080713_d180_Nickel_V_c.fit
59043.336412	0.04167	16.187	16.167	16.207	20.08426	V	m15_data/M15-1_20200713_080426_d179_Nickel_V_c.fit
59043.333889	0.01389	16.176	16.152	16.2	19.32241	V	m15_data/M15-1_20200713_080048_d178_Nickel_V_c.fit
59030.447049	0.04167	16.0	15.986	16.014	20.33562	B	m15_data/M15-1_20200630_104345_d182_Nickel_B_c.fit
59030.444456	0.125	15.663	15.652	15.674	20.9051	V	m15_data/M15-1_20200630_104001_d181_Nickel_V_c.fit
59030.443368	0.04167	15.666	15.651	15.681	20.29097	V	m15_data/M15-1_20200630_103827_d180_Nickel_V_c.fit
59030.442639	0.01389	15.716	15.698	15.734	19.59649	V	m15_data/M15-1_20200630_103724_d179_Nickel_V_c.fit
59022.389826	0.125	15.612	15.599	15.625	20.65178	V	m15_data/M15-1_20200622_092121_d133_Nickel_V_c.fit
59022.388681	0.04167	15.63	15.615	15.645	19.99269	V	m15_data/M15-1_20200622_091942_d132_Nickel_V_c.fit
59022.387766	0.01389	15.588	15.573	15.603	19.42164	V	m15_data/M15-1_20200622_091823_d131_Nickel_V_c.fit
59010.430127	0.125	15.771	15.759	15.783	20.94418	V	m15_data/M15-1_20200610_101923_d175_Nickel_V_c.fit
59010.428299	0.08333	15.758	15.746	15.77	20.78589	V	m15_data/M15-1_20200610_101645_d174_Nickel_V_c.fit
59010.427153	0.04167	15.756	15.74	15.772	20.35782	V	m15_data/M15-1_20200610_101506_d173_Nickel_V_c.fit
59010.425972	0.01389	15.764	15.746	15.782	19.6429	V	m15_data/M15-1_20200610_101324_d172_Nickel_V_c.fit
58994.491713	0.04167	15.885	15.87	15.9	20.04853	R	m15_data/M15-1_20200525_114804_d186_Nickel_R_c.fit
58994.454653	0.125	15.982	15.967	15.997	21.07172	V	m15_data/M15-1_20200525_105442_d165_Nickel_V_c.fit
58994.453356	0.04167	15.924	15.901	15.947	20.06263	V	m15_data/M15-1_20200525_105250_d164_Nickel_V_c.fit
58994.452639	0.01389	15.966	15.939	15.993	19.59137	V	m15_data/M15-1_20200525_105148_d163_Nickel_V_c.fit
58994.44941	0.125	16.349	16.335	16.363	21.25429	B	m15_data/M15-1_20200525_104709_d162_Nickel_B_c.fit
58994.447917	0.04167	16.324	16.301	16.347	20.24548	B	m15_data/M15-1_20200525_104500_d161_Nickel_B_c.fit
58994.44684	0.01389	16.428	16.366	16.49	19.14507	B	m15_data/M15-1_20200525_104327_d160_Nickel_B_c.fit
58856.088704	0.01389	16.762	16.692	16.832	17.80251	B	m15_data/M15-1_20200108_020744_d131_Nickel_B_c.fit
58856.086192	0.125	16.279	16.255	16.303	19.13049	V	m15_data/M15-1_20200108_020407_d130_Nickel_V_c.fit
58856.085069	0.04167	16.356	16.323	16.389	18.45491	V	m15_data/M15-1_20200108_020230_d129_Nickel_V_c.fit
58856.084444	0.01389	16.279	16.227	16.331	17.58862	V	m15_data/M15-1_20200108_020136_d128_Nickel_V_c.fit
58805.088241	0.125	16.077	16.055	16.099	20.84417	V	m15_data/M15-1_20191118_020704_d132_Nickel_V_c.fit
58805.08713	0.04167	16.092	16.068	16.116	20.20642	V	m15_data/M15-1_20191118_020528_d131_Nickel_V_c.fit
58805.086285	0.01389	16.089	16.062	16.116	19.31725	V	m15_data/M15-1_20191118_020415_d130_Nickel_V_c.fit
58769.339769	0.125	15.931	15.914	15.948	19.59186	V	m15_data/M15-1_20191013_080916_d303_Nickel_V_c.fit
58769.338206	0.04167	15.954	15.929	15.979	18.65097	V	m15_data/M15-1_20191013_080701_d302_Nickel_V_c.fit
58769.336493	0.01389	15.914	15.89	15.938	18.80316	V	m15_data/M15-1_20191013_080433_d301_Nickel_V_c.fit
58768.300833	0.125	16.051	16.032	16.07	19.60226	V	m15_data/M15-1_20191012_071312_d178_Nickel_V_c.fit
58768.299688	0.04167	16.051	16.025	16.077	19.06191	V	m15_data/M15-1_20191012_071133_d177_Nickel_V_c.fit
58759.194711	0.125	16.068	16.044	16.092	20.29169	V	m15_data/M15-1_20191003_044023_d139_Nickel_V_c.fit
58759.193646	0.04167	16.082	16.055	16.109	20.12678	V	m15_data/M15-1_20191003_043851_d138_Nickel_V_c.fit
58759.19206	0.01389	16.096	16.065	16.127	19.38195	V	m15_data/M15-1_20191003_043634_d137_Nickel_V_c.fit
58735.290313	0.125	15.851	15.83	15.872	20.10985	V	m15_data/M15-1_20190909_065803_d155_Nickel_V_c.fit
58731.357697	0.125	15.62	15.605	15.635	20.98397	V	m15_data/M15-1_20190905_083505_d187_Nickel_V_c.fit
58731.356562	0.04167	15.625	15.611	15.639	20.26349	V	m15_data/M15-1_20190905_083327_d186_Nickel_V_c.fit
58731.355382	0.01389	15.719	15.702	15.736	19.40289	V	m15_data/M15-1_20190905_083145_d185_Nickel_V_c.fit
58731.162234	0.125	16.188	16.175	16.201	20.73872	V	m15_data/M15-1_20190905_035337_d129_Nickel_V_c.fit
58731.160914	0.04167	16.209	16.192	16.226	20.07889	V	m15_data/M15-1_20190905_035143_d128_Nickel_V_c.fit
58731.157928	0.01389	16.271	16.247	16.295	19.23	V	m15_data/M15-1_20190905_034725_d127_Nickel_V_c.fit
58728.181748	0.08333	16.011	15.995	16.027	20.31226	V	m15_data/M15-1_20190902_042143_d155_Nickel_V_c.fit
58728.180671	0.04167	15.889	15.873	15.905	20.10721	V	m15_data/M15-1_20190902_042010_d154_Nickel_V_c.fit
58728.180023	0.01389	16.007	15.985	16.029	19.3012	V	m15_data/M15-1_20190902_041914_d153_Nickel_V_c.fit
58724.240972	0.125	16.158	16.136	16.18	20.4617	V	m15_data/M15-1_20190829_054700_d156_Nickel_V_c.fit
58724.239896	0.04167	16.135	16.11	16.16	19.98653	V	m15_data/M15-1_20190829_054527_d155_Nickel_V_c.fit
58724.239155	0.01389	16.151	16.122	16.18	19.10677	V	m15_data/M15-1_20190829_054423_d154_Nickel_V_c.fit
58721.301181	0.125	16.023	16.004	16.042	20.6941	V	m15_data/M15-1_20190826_071342_d149_Nickel_V_c.fit
58721.29963	0.04167	15.974	15.951	15.997	20.09679	V	m15_data/M15-1_20190826_071128_d148_Nickel_V_c.fit
58721.298738	0.01389	16.064	16.037	16.091	19.31198	V	m15_data/M15-1_20190826_071011_d147_Nickel_V_c.fit
58713.306956	0.125	16.131	16.112	16.15	19.94201	V	m15_data/M15-1_20190818_072201_d150_Nickel_V_c.fit
58713.305532	0.04167	16.182	16.157	16.207	19.57646	V	m15_data/M15-1_20190818_071958_d149_Nickel_V_c.fit
58713.30162	0.01389	16.13	16.102	16.158	18.87072	V	m15_data/M15-1_20190818_071420_d148_Nickel_V_c.fit
58708.284421	0.01389	16.75	16.695	16.805	18.65995	B	m15_data/M15-1_20190813_064934_d157_Nickel_B_c.fit
58690.312037	0.125	16.023	16.008	16.038	20.51092	V	m15_data/M15-1_20190726_072920_d166_Nickel_V_c.fit
58690.310799	0.04167	15.901	15.881	15.921	20.15059	V	m15_data/M15-1_20190726_072733_d165_Nickel_V_c.fit
58690.309838	0.01389	15.892	15.867	15.917	19.43677	V	m15_data/M15-1_20190726_072610_d164_Nickel_V_c.fit
58676.369421	0.125	15.685	15.672	15.698	20.69509	V	m15_data/M15-1_20190712_085158_d161_Nickel_V_c.fit
58676.367847	0.04167	15.675	15.649	15.701	20.49928	V	m15_data/M15-1_20190712_084942_d160_Nickel_V_c.fit
58676.366632	0.01389	15.655	15.631	15.679	19.49108	V	m15_data/M15-1_20190712_084757_d159_Nickel_V_c.fit
58653.397685	0.04167	15.696	15.672	15.72	19.93493	V	m15_data/M15-1_20190619_093240_d171_Nickel_V_c.fit
58653.397002	0.01389	15.67	15.648	15.692	19.22262	V	m15_data/M15-1_20190619_093141_d170_Nickel_V_c.fit
58653.393877	0.125	15.663	15.638	15.688	20.44276	V	m15_data/M15-1_20190619_092711_d169_Nickel_V_c.fit
58653.392604	0.04167	15.646	15.626	15.666	19.90316	V	m15_data/M15-1_20190619_092521_d168_Nickel_V_c.fit
58653.391655	0.01389	15.68	15.656	15.704	19.25712	V	m15_data/M15-1_20190619_092359_d167_Nickel_V_c.fit
