;; MJD	etburst	mag	-emag	+emag	limmag	filter	imagename
59058.462199	0.125	16.103	16.095	16.111	20.93835	V	m15_data/M15-1_20200728_110534_d225_Nickel_V_c.fit
59058.460243	0.04167	16.094	16.084	16.104	20.43731	V	m15_data/M15-1_20200728_110245_d224_Nickel_V_c.fit
59058.459618	0.01389	16.098	16.082	16.114	19.56397	V	m15_data/M15-1_20200728_110151_d223_Nickel_V_c.fit
59058.431771	0.125	16.008	16.002	16.014	21.03685	V	m15_data/M15-1_20200728_102145_d205_Nickel_V_c.fit
59058.430694	0.04167	15.998	15.991	16.005	20.32277	V	m15_data/M15-1_20200728_102012_d204_Nickel_V_c.fit
59058.429352	0.01389	16.006	15.992	16.02	19.56222	V	m15_data/M15-1_20200728_101816_d203_Nickel_V_c.fit
59058.393079	0.125	15.878	15.873	15.883	21.06776	V	m15_data/M15-1_20200728_092602_d189_Nickel_V_c.fit
59058.39191	0.04167	15.869	15.862	15.876	20.49725	V	m15_data/M15-1_20200728_092421_d188_Nickel_V_c.fit
59058.391285	0.01389	15.86	15.847	15.873	19.69515	V	m15_data/M15-1_20200728_092327_d187_Nickel_V_c.fit
59058.360613	0.125	15.786	15.781	15.791	21.35509	V	m15_data/M15-1_20200728_083917_d173_Nickel_V_c.fit
59058.359537	0.04167	15.792	15.785	15.799	20.44565	V	m15_data/M15-1_20200728_083744_d172_Nickel_V_c.fit
59058.358148	0.01389	15.764	15.749	15.779	19.84466	V	m15_data/M15-1_20200728_083544_d171_Nickel_V_c.fit
59058.340995	0.125	15.749	15.744	15.754	20.94092	V	m15_data/M15-1_20200728_081102_d161_Nickel_V_c.fit
59058.339769	0.04167	15.746	15.738	15.754	20.26063	V	m15_data/M15-1_20200728_080916_d160_Nickel_V_c.fit
59058.339132	0.01389	15.753	15.74	15.766	19.86286	V	m15_data/M15-1_20200728_080821_d159_Nickel_V_c.fit
59058.322269	0.125	15.69	15.685	15.695	20.86191	V	m15_data/M15-1_20200728_074404_d149_Nickel_V_c.fit
59058.321169	0.04167	15.697	15.69	15.704	20.25148	V	m15_data/M15-1_20200728_074229_d148_Nickel_V_c.fit
59058.320498	0.01389	15.699	15.687	15.711	19.40486	V	m15_data/M15-1_20200728_074131_d147_Nickel_V_c.fit
59058.317743	0.125	15.955	15.947	15.963	21.05381	B	m15_data/M15-1_20200728_073733_d146_Nickel_B_c.fit
59058.316632	0.04167	15.968	15.957	15.979	20.31007	B	m15_data/M15-1_20200728_073557_d145_Nickel_B_c.fit
59058.31559	0.01389	15.951	15.931	15.971	19.33679	B	m15_data/M15-1_20200728_073427_d144_Nickel_B_c.fit
59054.413137	0.125	15.845	15.839	15.851	20.77511	V	m15_data/M15-1_20200724_095455_d198_Nickel_V_c.fit
59054.412014	0.04167	15.862	15.855	15.869	20.1032	V	m15_data/M15-1_20200724_095318_d197_Nickel_V_c.fit
59054.411389	0.01389	15.847	15.834	15.86	19.13152	V	m15_data/M15-1_20200724_095224_d196_Nickel_V_c.fit
59054.324942	0.125	16.158	16.152	16.164	20.62887	V	m15_data/M15-1_20200724_074755_d166_Nickel_V_c.fit
59054.323796	0.04167	16.164	16.154	16.174	19.95933	V	m15_data/M15-1_20200724_074616_d165_Nickel_V_c.fit
59054.322245	0.01389	16.126	16.107	16.145	18.97881	V	m15_data/M15-1_20200724_074402_d164_Nickel_V_c.fit
59051.326296	0.125	16.067	16.062	16.072	21.05288	V	m15_data/M15-1_20200721_074952_d147_Nickel_V_c.fit
59051.325185	0.04167	16.073	16.064	16.082	20.35998	V	m15_data/M15-1_20200721_074816_d146_Nickel_V_c.fit
59051.324479	0.01389	16.095	16.08	16.11	19.51575	V	m15_data/M15-1_20200721_074715_d145_Nickel_V_c.fit
59043.345093	0.125	15.774	15.769	15.779	20.71822	V	m15_data/M15-1_20200713_081656_d182_Nickel_V_c.fit
59043.338345	0.08333	15.828	15.822	15.834	20.55491	V	m15_data/M15-1_20200713_080713_d180_Nickel_V_c.fit
59043.336412	0.04167	15.85	15.843	15.857	20.13504	V	m15_data/M15-1_20200713_080426_d179_Nickel_V_c.fit
59043.333889	0.01389	15.864	15.852	15.876	19.34553	V	m15_data/M15-1_20200713_080048_d178_Nickel_V_c.fit
59039.40191	0.125	16.148	16.141	16.155	20.305	V	m15_data/M15-1_20200709_093845_d169_Nickel_V_c.fit
59039.400729	0.04167	16.15	16.14	16.16	19.70297	V	m15_data/M15-1_20200709_093703_d168_Nickel_V_c.fit
59039.400069	0.01389	16.152	16.134	16.17	19.02841	V	m15_data/M15-1_20200709_093606_d167_Nickel_V_c.fit
59030.447049	0.04167	16.033	16.021	16.045	20.33483	B	m15_data/M15-1_20200630_104345_d182_Nickel_B_c.fit
59030.444456	0.125	15.726	15.721	15.731	21.00802	V	m15_data/M15-1_20200630_104001_d181_Nickel_V_c.fit
59030.443368	0.04167	15.717	15.71	15.724	20.33068	V	m15_data/M15-1_20200630_103827_d180_Nickel_V_c.fit
59030.442639	0.01389	15.723	15.71	15.736	19.60152	V	m15_data/M15-1_20200630_103724_d179_Nickel_V_c.fit
59026.4386	0.125	16.174	16.168	16.18	20.54303	V	m15_data/M15-1_20200626_103135_d154_Nickel_V_c.fit
59026.434144	0.04167	16.156	16.148	16.164	19.95153	V	m15_data/M15-1_20200626_102510_d153_Nickel_V_c.fit
59026.432465	0.01389	16.169	16.153	16.185	19.1882	V	m15_data/M15-1_20200626_102245_d152_Nickel_V_c.fit
59022.389826	0.125	15.676	15.671	15.681	20.78771	V	m15_data/M15-1_20200622_092121_d133_Nickel_V_c.fit
59022.388681	0.04167	15.677	15.67	15.684	20.06305	V	m15_data/M15-1_20200622_091942_d132_Nickel_V_c.fit
59022.387766	0.01389	15.683	15.67	15.696	19.42798	V	m15_data/M15-1_20200622_091823_d131_Nickel_V_c.fit
59018.430532	0.125	16.161	16.155	16.167	20.58844	V	m15_data/M15-1_20200618_101958_d194_Nickel_V_c.fit
59018.429433	0.04167	16.174	16.164	16.184	19.87038	V	m15_data/M15-1_20200618_101823_d193_Nickel_V_c.fit
59018.428218	0.01389	16.164	16.146	16.182	18.96841	V	m15_data/M15-1_20200618_101638_d192_Nickel_V_c.fit
59010.430127	0.125	16.166	16.16	16.172	20.98041	V	m15_data/M15-1_20200610_101923_d175_Nickel_V_c.fit
59010.428299	0.08333	16.173	16.163	16.183	20.80033	V	m15_data/M15-1_20200610_101645_d174_Nickel_V_c.fit
59010.427153	0.04167	16.161	16.151	16.171	20.37221	V	m15_data/M15-1_20200610_101506_d173_Nickel_V_c.fit
59010.425972	0.01389	16.15	16.135	16.165	19.66196	V	m15_data/M15-1_20200610_101324_d172_Nickel_V_c.fit
58994.491713	0.04167	15.48	15.474	15.486	20.05642	R	m15_data/M15-1_20200525_114804_d186_Nickel_R_c.fit
58994.454653	0.125	15.795	15.79	15.8	21.10379	V	m15_data/M15-1_20200525_105442_d165_Nickel_V_c.fit
58994.453356	0.04167	15.809	15.801	15.817	20.06699	V	m15_data/M15-1_20200525_105250_d164_Nickel_V_c.fit
58994.452639	0.01389	15.781	15.766	15.796	19.59671	V	m15_data/M15-1_20200525_105148_d163_Nickel_V_c.fit
58994.44941	0.125	16.14	16.132	16.148	21.25212	B	m15_data/M15-1_20200525_104709_d162_Nickel_B_c.fit
58994.447917	0.04167	16.155	16.144	16.166	20.24612	B	m15_data/M15-1_20200525_104500_d161_Nickel_B_c.fit
58994.44684	0.01389	16.166	16.148	16.184	19.15998	B	m15_data/M15-1_20200525_104327_d160_Nickel_B_c.fit
58990.485185	0.125	16.11	16.104	16.116	20.43482	V	m15_data/M15-1_20200521_113840_d199_Nickel_V_c.fit
58990.483981	0.04167	16.112	16.103	16.121	19.98886	V	m15_data/M15-1_20200521_113656_d198_Nickel_V_c.fit
58990.483356	0.01389	16.08	16.064	16.096	19.10814	V	m15_data/M15-1_20200521_113602_d197_Nickel_V_c.fit
58974.496944	0.125	16.165	16.159	16.171	20.31189	V	m15_data/M15-1_20200505_115536_d189_Nickel_V_c.fit
58974.495718	0.04167	16.161	16.151	16.171	19.40099	V	m15_data/M15-1_20200505_115350_d188_Nickel_V_c.fit
58974.494896	0.01389	16.134	16.117	16.151	18.94723	V	m15_data/M15-1_20200505_115239_d187_Nickel_V_c.fit
58856.088704	0.01389	16.589	16.535	16.643	17.79401	B	m15_data/M15-1_20200108_020744_d131_Nickel_B_c.fit
58856.086192	0.125	16.14	16.13	16.15	19.14636	V	m15_data/M15-1_20200108_020407_d130_Nickel_V_c.fit
58856.085069	0.04167	16.16	16.141	16.179	18.46459	V	m15_data/M15-1_20200108_020230_d129_Nickel_V_c.fit
58856.084444	0.01389	16.228	16.188	16.268	17.59363	V	m15_data/M15-1_20200108_020136_d128_Nickel_V_c.fit
58805.179271	0.125	16.005	16.0	16.01	20.61007	V	m15_data/M15-1_20191118_041809_d160_Nickel_V_c.fit
58805.178183	0.04167	15.984	15.976	15.992	19.93125	V	m15_data/M15-1_20191118_041635_d159_Nickel_V_c.fit
58805.177431	0.01389	16.015	16.002	16.028	19.20386	V	m15_data/M15-1_20191118_041530_d158_Nickel_V_c.fit
58805.088241	0.125	15.751	15.746	15.756	20.88285	V	m15_data/M15-1_20191118_020704_d132_Nickel_V_c.fit
58805.08713	0.04167	15.747	15.741	15.753	20.29016	V	m15_data/M15-1_20191118_020528_d131_Nickel_V_c.fit
58805.086285	0.01389	15.736	15.725	15.747	19.32469	V	m15_data/M15-1_20191118_020415_d130_Nickel_V_c.fit
58794.121481	0.125	16.094	16.088	16.1	20.59747	V	m15_data/M15-1_20191107_025456_d134_Nickel_V_c.fit
58794.12037	0.04167	16.086	16.078	16.094	20.37344	V	m15_data/M15-1_20191107_025320_d133_Nickel_V_c.fit
58794.119664	0.01389	16.068	16.054	16.082	19.71706	V	m15_data/M15-1_20191107_025219_d132_Nickel_V_c.fit
58792.125613	0.125	15.794	15.788	15.8	20.82054	V	m15_data/M15-1_20191105_030053_d146_Nickel_V_c.fit
58792.124271	0.04167	15.779	15.771	15.787	20.37017	V	m15_data/M15-1_20191105_025857_d145_Nickel_V_c.fit
58792.123275	0.01389	15.797	15.785	15.809	19.73109	V	m15_data/M15-1_20191105_025731_d144_Nickel_V_c.fit
58789.274028	0.125	16.118	16.111	16.125	20.47167	V	m15_data/M15-1_20191102_063436_d167_Nickel_V_c.fit
58789.271852	0.04167	16.117	16.107	16.127	19.85005	V	m15_data/M15-1_20191102_063128_d166_Nickel_V_c.fit
58789.270833	0.01389	16.118	16.101	16.135	19.07891	V	m15_data/M15-1_20191102_063000_d165_Nickel_V_c.fit
58789.175174	0.125	16.135	16.13	16.14	20.74873	V	m15_data/M15-1_20191102_041215_d147_Nickel_V_c.fit
58789.169375	0.04167	16.13	16.123	16.137	20.21694	V	m15_data/M15-1_20191102_040354_d145_Nickel_V_c.fit
58789.168426	0.01389	16.082	16.067	16.097	19.38958	V	m15_data/M15-1_20191102_040232_d144_Nickel_V_c.fit
58788.157836	0.125	15.913	15.908	15.918	20.49551	V	m15_data/M15-1_20191101_034717_d154_Nickel_V_c.fit
58788.156678	0.04167	15.928	15.92	15.936	19.85725	V	m15_data/M15-1_20191101_034537_d153_Nickel_V_c.fit
58788.156042	0.01389	15.919	15.905	15.933	19.27285	V	m15_data/M15-1_20191101_034442_d152_Nickel_V_c.fit
58779.241319	0.125	16.12	16.115	16.125	20.54154	V	m15_data/M15-1_20191023_054730_d137_Nickel_V_c.fit
58779.240162	0.04167	16.121	16.113	16.129	19.84968	V	m15_data/M15-1_20191023_054550_d136_Nickel_V_c.fit
58779.239028	0.01389	16.107	16.091	16.123	19.18152	V	m15_data/M15-1_20191023_054412_d135_Nickel_V_c.fit
58775.248669	0.125	15.667	15.662	15.672	20.50736	V	m15_data/M15-1_20191019_055805_d142_Nickel_V_c.fit
58775.246551	0.04167	15.673	15.666	15.68	19.73932	V	m15_data/M15-1_20191019_055502_d141_Nickel_V_c.fit
58775.245544	0.01389	15.657	15.643	15.671	18.81096	V	m15_data/M15-1_20191019_055335_d140_Nickel_V_c.fit
58769.339769	0.125	16.147	16.139	16.155	19.60746	V	m15_data/M15-1_20191013_080916_d303_Nickel_V_c.fit
58769.338206	0.04167	16.155	16.138	16.172	18.66359	V	m15_data/M15-1_20191013_080701_d302_Nickel_V_c.fit
58769.336493	0.01389	16.139	16.12	16.158	18.81872	V	m15_data/M15-1_20191013_080433_d301_Nickel_V_c.fit
58768.300833	0.125	15.86	15.852	15.868	19.60909	V	m15_data/M15-1_20191012_071312_d178_Nickel_V_c.fit
58768.299688	0.04167	15.847	15.836	15.858	19.0749	V	m15_data/M15-1_20191012_071133_d177_Nickel_V_c.fit
58763.210961	0.125	16.142	16.136	16.148	20.574	V	m15_data/M15-1_20191007_050347_d139_Nickel_V_c.fit
58763.20897	0.04167	16.153	16.145	16.161	19.937	V	m15_data/M15-1_20191007_050055_d138_Nickel_V_c.fit
58763.208287	0.01389	16.157	16.141	16.173	19.29211	V	m15_data/M15-1_20191007_045956_d137_Nickel_V_c.fit
58759.194711	0.125	15.681	15.676	15.686	20.39931	V	m15_data/M15-1_20191003_044023_d139_Nickel_V_c.fit
58759.193646	0.04167	15.674	15.667	15.681	20.16402	V	m15_data/M15-1_20191003_043851_d138_Nickel_V_c.fit
58759.19206	0.01389	15.679	15.666	15.692	19.40543	V	m15_data/M15-1_20191003_043634_d137_Nickel_V_c.fit
58751.21	0.125	15.716	15.711	15.721	21.09703	V	m15_data/M15-1_20190925_050224_d147_Nickel_V_c.fit
58751.208796	0.04167	15.706	15.699	15.713	20.50385	V	m15_data/M15-1_20190925_050040_d146_Nickel_V_c.fit
58751.20809	0.01389	15.705	15.693	15.717	19.55846	V	m15_data/M15-1_20190925_045939_d145_Nickel_V_c.fit
58751.207315	0.01389	15.986	15.969	16.003	19.62394	B	m15_data/M15-1_20190925_045832_d144_Nickel_B_c.fit
58738.226528	0.125	15.754	15.746	15.762	19.29927	V	m15_data/M15-1_20190912_052612_d159_Nickel_V_c.fit
58738.225255	0.04167	15.764	15.754	15.774	19.00741	V	m15_data/M15-1_20190912_052422_d158_Nickel_V_c.fit
58738.223773	0.01389	15.741	15.725	15.757	18.43604	V	m15_data/M15-1_20190912_052214_d157_Nickel_V_c.fit
58735.290313	0.125	16.068	16.062	16.074	20.13087	V	m15_data/M15-1_20190909_065803_d155_Nickel_V_c.fit
58735.28853	0.01389	16.043	16.024	16.062	18.57185	V	m15_data/M15-1_20190909_065529_d154_Nickel_V_c.fit
58735.279248	0.04167	15.995	15.984	16.006	19.50484	V	m15_data/M15-1_20190909_064207_d153_Nickel_V_c.fit
58735.276123	0.01389	16.027	16.01	16.044	18.65015	V	m15_data/M15-1_20190909_063737_d152_Nickel_V_c.fit
58731.357697	0.125	15.747	15.742	15.752	21.01496	V	m15_data/M15-1_20190905_083505_d187_Nickel_V_c.fit
58731.356562	0.04167	15.757	15.75	15.764	20.29276	V	m15_data/M15-1_20190905_083327_d186_Nickel_V_c.fit
58731.355382	0.01389	15.743	15.73	15.756	19.41364	V	m15_data/M15-1_20190905_083145_d185_Nickel_V_c.fit
58731.162234	0.125	16.186	16.181	16.191	20.82673	V	m15_data/M15-1_20190905_035337_d129_Nickel_V_c.fit
58731.160914	0.04167	16.184	16.177	16.191	20.12617	V	m15_data/M15-1_20190905_035143_d128_Nickel_V_c.fit
58731.157928	0.01389	16.153	16.138	16.168	19.23468	V	m15_data/M15-1_20190905_034725_d127_Nickel_V_c.fit
58728.181748	0.08333	15.938	15.932	15.944	20.40862	V	m15_data/M15-1_20190902_042143_d155_Nickel_V_c.fit
58728.180671	0.04167	15.934	15.927	15.941	20.14231	V	m15_data/M15-1_20190902_042010_d154_Nickel_V_c.fit
58728.180023	0.01389	15.939	15.925	15.953	19.3027	V	m15_data/M15-1_20190902_041914_d153_Nickel_V_c.fit
58724.240972	0.125	16.137	16.131	16.143	20.55549	V	m15_data/M15-1_20190829_054700_d156_Nickel_V_c.fit
58724.239896	0.04167	16.15	16.141	16.159	20.03694	V	m15_data/M15-1_20190829_054527_d155_Nickel_V_c.fit
58724.239155	0.01389	16.145	16.13	16.16	19.11627	V	m15_data/M15-1_20190829_054423_d154_Nickel_V_c.fit
58721.301181	0.125	15.959	15.953	15.965	20.77259	V	m15_data/M15-1_20190826_071342_d149_Nickel_V_c.fit
58721.29963	0.04167	15.989	15.98	15.998	20.17293	V	m15_data/M15-1_20190826_071128_d148_Nickel_V_c.fit
58721.298738	0.01389	16.013	15.999	16.027	19.33117	V	m15_data/M15-1_20190826_071011_d147_Nickel_V_c.fit
58713.306956	0.125	15.772	15.766	15.778	20.02129	V	m15_data/M15-1_20190818_072201_d150_Nickel_V_c.fit
58713.305532	0.04167	15.778	15.77	15.786	19.58696	V	m15_data/M15-1_20190818_071958_d149_Nickel_V_c.fit
58713.30162	0.01389	15.79	15.775	15.805	18.87408	V	m15_data/M15-1_20190818_071420_d148_Nickel_V_c.fit
58708.288727	0.125	16.111	16.104	16.118	19.81106	V	m15_data/M15-1_20190813_065546_d160_Nickel_V_c.fit
58708.286586	0.04167	16.112	16.101	16.123	19.22046	V	m15_data/M15-1_20190813_065241_d159_Nickel_V_c.fit
58708.285891	0.01389	16.087	16.068	16.106	18.70438	V	m15_data/M15-1_20190813_065141_d158_Nickel_V_c.fit
58708.284421	0.01389	16.466	16.441	16.491	18.65938	B	m15_data/M15-1_20190813_064934_d157_Nickel_B_c.fit
58697.330845	0.125	15.69	15.684	15.696	20.15874	V	m15_data/M15-1_20190802_075625_d159_Nickel_V_c.fit
58697.328356	0.04167	15.691	15.683	15.699	19.41881	V	m15_data/M15-1_20190802_075250_d158_Nickel_V_c.fit
58697.327257	0.01389	15.651	15.636	15.666	18.40361	V	m15_data/M15-1_20190802_075115_d157_Nickel_V_c.fit
58694.349919	0.125	15.848	15.842	15.854	20.51316	V	m15_data/M15-1_20190730_082353_d138_Nickel_V_c.fit
58694.348704	0.04167	15.843	15.835	15.851	19.7894	V	m15_data/M15-1_20190730_082208_d137_Nickel_V_c.fit
58694.348021	0.01389	15.827	15.812	15.842	18.91116	V	m15_data/M15-1_20190730_082109_d136_Nickel_V_c.fit
58690.312037	0.125	16.155	16.15	16.16	20.65641	V	m15_data/M15-1_20190726_072920_d166_Nickel_V_c.fit
58690.310799	0.04167	16.154	16.146	16.162	20.22713	V	m15_data/M15-1_20190726_072733_d165_Nickel_V_c.fit
58690.309838	0.01389	16.15	16.135	16.165	19.43854	V	m15_data/M15-1_20190726_072610_d164_Nickel_V_c.fit
58683.459653	0.04167	16.095	16.085	16.105	19.29551	V	m15_data/M15-1_20190719_110154_d175_Nickel_V_c.fit
58683.450336	0.01389	16.123	16.106	16.14	18.8204	V	m15_data/M15-1_20190719_104829_d174_Nickel_V_c.fit
58683.449016	0.01389	16.116	16.097	16.135	18.55599	V	m15_data/M15-1_20190719_104635_d173_Nickel_V_c.fit
58683.312801	0.125	15.981	15.975	15.987	20.15104	V	m15_data/M15-1_20190719_073026_d143_Nickel_V_c.fit
58683.311678	0.04167	15.968	15.959	15.977	19.5387	V	m15_data/M15-1_20190719_072849_d142_Nickel_V_c.fit
58683.310914	0.01389	15.981	15.964	15.998	18.8479	V	m15_data/M15-1_20190719_072743_d141_Nickel_V_c.fit
58676.369421	0.125	15.778	15.772	15.784	20.75493	V	m15_data/M15-1_20190712_085158_d161_Nickel_V_c.fit
58676.367847	0.04167	15.764	15.753	15.775	20.53345	V	m15_data/M15-1_20190712_084942_d160_Nickel_V_c.fit
58676.366632	0.01389	15.768	15.755	15.781	19.49647	V	m15_data/M15-1_20190712_084757_d159_Nickel_V_c.fit
58672.463067	0.125	15.669	15.664	15.674	20.07125	V	m15_data/M15-1_20190708_110649_d207_Nickel_V_c.fit
58672.461447	0.04167	15.667	15.659	15.675	19.23651	V	m15_data/M15-1_20190708_110429_d206_Nickel_V_c.fit
58672.460729	0.01389	15.678	15.665	15.691	18.61137	V	m15_data/M15-1_20190708_110327_d205_Nickel_V_c.fit
58672.286991	0.125	16.145	16.139	16.151	19.65332	V	m15_data/M15-1_20190708_065316_d161_Nickel_V_c.fit
58672.285752	0.04167	16.15	16.138	16.162	18.91152	V	m15_data/M15-1_20190708_065129_d160_Nickel_V_c.fit
58672.284537	0.01389	16.118	16.097	16.139	18.41438	V	m15_data/M15-1_20190708_064944_d159_Nickel_V_c.fit
58664.39588	0.125	15.857	15.849	15.865	19.90777	V	m15_data/M15-1_20190630_093004_d188_Nickel_V_c.fit
58664.394792	0.04167	15.881	15.872	15.89	19.83274	V	m15_data/M15-1_20190630_092830_d187_Nickel_V_c.fit
58664.394178	0.01389	15.906	15.891	15.921	19.04614	V	m15_data/M15-1_20190630_092737_d186_Nickel_V_c.fit
58661.378692	0.01389	15.712	15.696	15.728	17.6314	V	m15_data/M15-1_20190627_090519_d144_Nickel_V_c.fit
58661.375359	0.125	15.728	15.722	15.734	19.17366	V	m15_data/M15-1_20190627_090031_d143_Nickel_V_c.fit
58661.373958	0.04167	15.755	15.745	15.765	18.39743	V	m15_data/M15-1_20190627_085830_d142_Nickel_V_c.fit
58661.372257	0.01389	15.757	15.739	15.775	17.58158	V	m15_data/M15-1_20190627_085603_d141_Nickel_V_c.fit
58658.384572	0.125	15.697	15.691	15.703	20.21353	V	m15_data/M15-1_20190624_091347_d130_Nickel_V_c.fit
58658.382986	0.04167	15.695	15.687	15.703	19.18171	V	m15_data/M15-1_20190624_091130_d129_Nickel_V_c.fit
58658.382072	0.01389	15.7	15.687	15.713	19.05973	V	m15_data/M15-1_20190624_091011_d128_Nickel_V_c.fit
58653.397685	0.04167	15.674	15.665	15.683	19.94698	V	m15_data/M15-1_20190619_093240_d171_Nickel_V_c.fit
58653.397002	0.01389	15.67	15.658	15.682	19.24822	V	m15_data/M15-1_20190619_093141_d170_Nickel_V_c.fit
58653.393877	0.125	15.663	15.658	15.668	20.45069	V	m15_data/M15-1_20190619_092711_d169_Nickel_V_c.fit
58653.392604	0.04167	15.664	15.656	15.672	19.90928	V	m15_data/M15-1_20190619_092521_d168_Nickel_V_c.fit
58653.391655	0.01389	15.679	15.666	15.692	19.27838	V	m15_data/M15-1_20190619_092359_d167_Nickel_V_c.fit
